object={
	name="tree_leaf_2_high_generator_1_0"
	render_pass=Map
	clamp_to_water_level=no
	generated_content=yes
	layer="tree_high_layer"
	pdxmesh="tree_leaf_01_a_mesh"
	count=161
	transform="3232.176025 0.000000 3171.350830 0.000000 0.913473 0.000000 0.406900 0.557943 0.557943 0.557943
3228.983643 0.000000 3180.038330 0.000000 0.738476 0.000000 0.674279 0.469203 0.469203 0.469203
3241.858887 0.000000 3177.669922 0.000000 0.380446 0.000000 0.924803 0.382495 0.382495 0.382495
3236.352783 0.000000 3176.271240 0.000000 0.816038 0.000000 0.577998 0.477223 0.477223 0.477223
3239.972168 0.000000 3175.934570 0.000000 0.388060 0.000000 0.921634 0.362943 0.362943 0.362943
3826.168457 0.000000 3437.376953 0.000000 0.075497 0.000000 0.997146 0.485773 0.485773 0.485773
3903.732422 0.000000 3496.429932 0.000000 0.993300 0.000000 0.115566 0.593060 0.593060 0.593060
3869.924072 0.000000 3550.461182 0.000000 0.465467 0.000000 0.885065 0.552797 0.552797 0.552797
3874.450439 0.000000 3552.311523 0.000000 0.932676 0.000000 0.360715 0.570702 0.570702 0.570702
3839.439209 0.000000 3811.436279 0.000000 0.528377 0.000000 0.849010 0.534680 0.534680 0.534680
3829.527832 0.000000 3812.082764 0.000000 0.571970 0.000000 0.820274 0.535162 0.535162 0.535162
3831.518066 0.000000 3793.494141 0.000000 0.738656 0.000000 0.674082 0.546814 0.546814 0.546814
3777.465332 0.000000 3782.448730 0.000000 0.989555 0.000000 0.144155 0.587215 0.587215 0.587215
3823.263428 0.000000 3818.767334 0.000000 0.973535 0.000000 0.228539 0.578931 0.578931 0.578931
3873.021484 0.000000 3637.093750 0.000000 0.799362 0.000000 0.600850 0.557518 0.557518 0.557518
3870.347900 0.000000 3583.197510 0.000000 0.067324 0.000000 0.997731 0.480643 0.480643 0.480643
3794.279785 0.000000 3909.089844 0.000000 0.902253 0.000000 0.431208 0.581969 0.581969 0.581969
3804.246826 0.000000 3929.347900 0.000000 0.272680 0.000000 0.962105 0.545701 0.545701 0.545701
3794.737549 0.000000 3918.800049 0.000000 0.749536 0.000000 0.661964 0.564239 0.564239 0.564239
3806.250732 0.000000 3916.868164 0.000000 0.204375 0.000000 0.978893 0.522304 0.522304 0.522304
3816.113281 0.000000 3913.018799 0.000000 0.649444 0.000000 0.760409 0.531411 0.531411 0.531411
3832.725586 0.000000 3936.791992 0.000000 0.728536 0.000000 0.685007 0.541221 0.541221 0.541221
3799.613037 0.000000 3911.188721 0.000000 0.419712 0.000000 0.907657 0.479006 0.479006 0.479006
3830.943604 0.000000 4005.330811 0.000000 0.025042 0.000000 0.999686 0.447182 0.447182 0.447182
3854.899902 0.000000 3943.706787 0.000000 0.392569 0.000000 0.919723 0.580765 0.580765 0.580765
3839.606201 0.000000 3934.122314 0.000000 0.972701 0.000000 0.232061 0.591931 0.591931 0.591931
3865.251221 0.000000 3987.270264 0.000000 0.260812 0.000000 0.965390 0.506031 0.506031 0.506031
3853.184814 0.000000 4000.631104 0.000000 0.182726 0.000000 0.983164 0.477417 0.477417 0.477417
3856.287842 0.000000 4002.678467 0.000000 0.944206 0.000000 0.329355 0.545202 0.545202 0.545202
4152.203125 0.000000 3505.004395 0.000000 0.519565 0.000000 0.854431 0.527876 0.527876 0.527876
4134.989258 0.000000 3496.941162 0.000000 0.885703 0.000000 0.464252 0.563841 0.563841 0.563841
4137.199219 0.000000 3494.217529 0.000000 0.913394 0.000000 0.407076 0.560436 0.560436 0.560436
4166.018555 0.000000 3511.036377 0.000000 0.790204 0.000000 0.612843 0.569368 0.569368 0.569368
4178.095703 0.000000 3514.552246 0.000000 0.533992 0.000000 0.845489 0.533598 0.533598 0.533598
4155.822266 0.000000 3550.454834 0.000000 0.177049 0.000000 0.984202 0.495684 0.495684 0.495684
4158.815430 0.000000 3553.405273 0.000000 0.944503 0.000000 0.328503 0.572925 0.572925 0.572925
4165.237793 0.000000 3554.521240 0.000000 0.849423 0.000000 0.527712 0.571688 0.571688 0.571688
4209.180664 0.000000 3519.800049 0.000000 0.284830 0.000000 0.958578 0.503985 0.503985 0.503985
4210.711914 0.000000 3524.886475 0.000000 0.618501 0.000000 0.785784 0.535005 0.535005 0.535005
4214.361816 0.000000 3526.204590 0.000000 0.597633 0.000000 0.801769 0.521967 0.521967 0.521967
4296.055664 0.000000 3518.254639 0.000000 0.515458 0.000000 0.856915 0.527538 0.527538 0.527538
4301.245605 0.000000 3506.668457 0.000000 0.560270 0.000000 0.828310 0.513736 0.513736 0.513736
4307.238770 0.000000 3509.979004 0.000000 0.747081 0.000000 0.664733 0.518310 0.518310 0.518310
4304.441895 0.000000 3508.805420 0.000000 0.605047 0.000000 0.796190 0.467563 0.467563 0.467563
4304.808594 0.000000 3529.430176 0.000000 0.147719 0.000000 0.989029 0.523289 0.523289 0.523289
4302.597656 0.000000 3538.489258 0.000000 0.870481 0.000000 0.492203 0.562228 0.562228 0.562228
4299.176270 0.000000 3550.449951 0.000000 0.442743 0.000000 0.896649 0.491716 0.491716 0.491716
4309.874512 0.000000 3537.562256 0.000000 0.632457 0.000000 0.774595 0.500454 0.500454 0.500454
4304.870117 0.000000 3525.990479 0.000000 0.525060 0.000000 0.851065 0.360589 0.360589 0.360589
4303.262695 0.000000 3523.907471 0.000000 0.792577 0.000000 0.609771 0.464443 0.464443 0.464443
4411.791504 0.000000 3550.454834 0.000000 0.983491 0.000000 0.180958 0.586917 0.586917 0.586917
4408.655762 0.000000 3552.885742 0.000000 0.598621 0.000000 0.801033 0.520679 0.520679 0.520679
4159.089355 0.000000 3629.975342 0.000000 0.384287 0.000000 0.923214 0.577093 0.577093 0.577093
4191.696289 0.000000 3646.874268 0.000000 0.978510 0.000000 0.206201 0.593778 0.593778 0.593778
4192.187500 0.000000 3653.154541 0.000000 0.263089 0.000000 0.964772 0.576550 0.576550 0.576550
4334.947266 0.000000 3594.899902 0.000000 0.264742 0.000000 0.964319 0.541452 0.541452 0.541452
4322.882812 0.000000 3588.824219 0.000000 0.990718 0.000000 0.135934 0.589175 0.589175 0.589175
4329.225098 0.000000 3586.940186 0.000000 0.999990 0.000000 0.004379 0.599488 0.599488 0.599488
4332.939453 0.000000 3601.933105 0.000000 0.996706 0.000000 0.081096 0.591366 0.591366 0.591366
4300.904785 0.000000 3703.557373 0.000000 0.454672 0.000000 0.890659 0.593416 0.593416 0.593416
4299.048828 0.000000 3702.039062 0.000000 0.018380 0.000000 0.999831 0.493031 0.493031 0.493031
4326.966309 0.000000 3688.894287 0.000000 0.862487 0.000000 0.506079 0.561847 0.561847 0.561847
4311.564941 0.000000 3701.404053 0.000000 0.008860 0.000000 0.999961 0.485356 0.485356 0.485356
4325.172852 0.000000 3694.804688 0.000000 0.764429 0.000000 0.644708 0.533881 0.533881 0.533881
4290.042480 0.000000 3714.012695 0.000000 0.569127 0.000000 0.822250 0.524806 0.524806 0.524806
4407.123535 0.000000 3640.875488 0.000000 0.901394 0.000000 0.433000 0.594634 0.594634 0.594634
4452.968262 0.000000 3618.620605 0.000000 0.727631 0.000000 0.685969 0.547913 0.547913 0.547913
4426.214844 0.000000 3629.986816 0.000000 0.302740 0.000000 0.953073 0.446729 0.446729 0.446729
4353.813965 0.000000 3667.687744 0.000000 0.988088 0.000000 0.153892 0.597686 0.597686 0.597686
4366.017090 0.000000 3652.370850 0.000000 0.813579 0.000000 0.581455 0.563750 0.563750 0.563750
4385.027344 0.000000 3656.919678 0.000000 0.916225 0.000000 0.400663 0.575300 0.575300 0.575300
4388.190430 0.000000 3651.210449 0.000000 0.999050 0.000000 0.043573 0.595169 0.595169 0.595169
4351.536133 0.000000 3662.111572 0.000000 0.594496 0.000000 0.804099 0.468466 0.468466 0.468466
4391.750488 0.000000 3650.390625 0.000000 0.999262 0.000000 0.038406 0.594361 0.594361 0.594361
4458.631836 0.000000 3700.725342 0.000000 0.762483 0.000000 0.647008 0.549407 0.549407 0.549407
4458.414551 0.000000 3704.478271 0.000000 0.299855 0.000000 0.953985 0.510852 0.510852 0.510852
4465.077148 0.000000 3709.470703 0.000000 0.829992 0.000000 0.557776 0.546820 0.546820 0.546820
4471.219727 0.000000 3709.838379 0.000000 0.999938 0.000000 0.011146 0.598798 0.598798 0.598798
4447.998047 0.000000 3707.194580 0.000000 0.748764 0.000000 0.662837 0.519680 0.519680 0.519680
4445.591797 0.000000 3709.577881 0.000000 0.908563 0.000000 0.417747 0.547710 0.547710 0.547710
4444.429199 0.000000 3721.197266 0.000000 0.304356 0.000000 0.952558 0.524412 0.524412 0.524412
4448.766113 0.000000 3723.172852 0.000000 0.843172 0.000000 0.537643 0.558336 0.558336 0.558336
4472.365234 0.000000 3722.734131 0.000000 0.995935 0.000000 0.090074 0.593380 0.593380 0.593380
4465.937012 0.000000 3737.275635 0.000000 0.392550 0.000000 0.919731 0.521310 0.521310 0.521310
4479.291016 0.000000 3726.454102 0.000000 0.524500 0.000000 0.851410 0.522179 0.522179 0.522179
4447.826660 0.000000 3714.946533 0.000000 0.818253 0.000000 0.574858 0.548627 0.548627 0.548627
4476.481934 0.000000 3725.623535 0.000000 0.765638 0.000000 0.643271 0.544525 0.544525 0.544525
4471.507812 0.000000 3713.654297 0.000000 0.044751 0.000000 0.998998 0.458275 0.458275 0.458275
4469.576172 0.000000 3733.140625 0.000000 0.165450 0.000000 0.986218 0.469554 0.469554 0.469554
4409.065918 0.000000 3831.811035 0.000000 0.645931 0.000000 0.763395 0.518035 0.518035 0.518035
4406.417480 0.000000 3825.719482 0.000000 0.780086 0.000000 0.625672 0.531144 0.531144 0.531144
4404.236816 0.000000 3828.625977 0.000000 0.342654 0.000000 0.939462 0.471966 0.471966 0.471966
4424.022461 0.000000 3824.946289 0.000000 0.338697 0.000000 0.940895 0.594494 0.594494 0.594494
4423.463379 0.000000 3801.199951 0.000000 0.999723 0.000000 0.023534 0.599154 0.599154 0.599154
4420.825684 0.000000 3781.106934 0.000000 0.389903 0.000000 0.920856 0.496574 0.496574 0.496574
4427.160645 0.000000 3806.387451 0.000000 0.138072 0.000000 0.990422 0.471273 0.471273 0.471273
4425.376953 0.000000 3783.645996 0.000000 0.773500 0.000000 0.633797 0.519796 0.519796 0.519796
4494.574219 0.000000 3730.442383 0.000000 0.971179 0.000000 0.238352 0.579451 0.579451 0.579451
4505.770020 0.000000 3746.070312 0.000000 0.665375 0.000000 0.746509 0.530565 0.530565 0.530565
4479.512207 0.000000 3715.863525 0.000000 0.665631 0.000000 0.746281 0.408185 0.408185 0.408185
4507.728516 0.000000 3830.098389 0.000000 0.932640 0.000000 0.360807 0.580094 0.580094 0.580094
4603.171875 0.000000 3821.268066 0.000000 0.904851 0.000000 0.425728 0.574309 0.574309 0.574309
4190.491211 0.000000 3872.612061 0.000000 0.854992 0.000000 0.518640 0.563246 0.563246 0.563246
4198.981934 0.000000 3880.847412 0.000000 0.525697 0.000000 0.850672 0.532953 0.532953 0.532953
4196.999512 0.000000 3874.558105 0.000000 0.991919 0.000000 0.126877 0.590662 0.590662 0.590662
4197.564453 0.000000 3877.225342 0.000000 0.874643 0.000000 0.484768 0.562095 0.562095 0.562095
4180.495117 0.000000 3858.924805 0.000000 0.983992 0.000000 0.178212 0.583897 0.583897 0.583897
4235.510742 0.000000 3889.628906 0.000000 0.557170 0.000000 0.830398 0.528083 0.528083 0.528083
4230.978027 0.000000 3880.729736 0.000000 0.997388 0.000000 0.072232 0.593286 0.593286 0.593286
4230.436523 0.000000 3877.379395 0.000000 0.999000 0.000000 0.044699 0.594374 0.594374 0.594374
4228.204102 0.000000 3890.803711 0.000000 0.178083 0.000000 0.984015 0.408203 0.408203 0.408203
4236.633301 0.000000 3883.686523 0.000000 0.242010 0.000000 0.970274 0.397347 0.397347 0.397347
4233.153809 0.000000 3895.313721 0.000000 0.843285 0.000000 0.537467 0.509903 0.509903 0.509903
4231.400391 0.000000 3894.440918 0.000000 0.984871 0.000000 0.173289 0.566867 0.566867 0.566867
4344.180176 0.000000 3888.910645 0.000000 0.993232 0.000000 0.116149 0.591979 0.591979 0.591979
4348.871582 0.000000 3894.591309 0.000000 0.507322 0.000000 0.861756 0.515980 0.515980 0.515980
4347.064941 0.000000 3903.163818 0.000000 0.533425 0.000000 0.845847 0.519963 0.519963 0.519963
4337.092773 0.000000 3965.408203 0.000000 0.994590 0.000000 0.103882 0.590802 0.590802 0.590802
4336.704590 0.000000 3969.637207 0.000000 0.736712 0.000000 0.676207 0.533258 0.533258 0.533258
4306.217285 0.000000 4037.058594 0.000000 0.276847 0.000000 0.960914 0.549748 0.549748 0.549748
4294.987793 0.000000 4040.488281 0.000000 0.244424 0.000000 0.969668 0.506796 0.506796 0.506796
4323.021973 0.000000 4058.675293 0.000000 0.556207 0.000000 0.831044 0.526528 0.526528 0.526528
4329.180176 0.000000 4056.942139 0.000000 0.998510 0.000000 0.054574 0.594029 0.594029 0.594029
4411.057129 0.000000 3839.179443 0.000000 0.999869 0.000000 0.016186 0.598836 0.598836 0.598836
4411.804688 0.000000 3841.821289 0.000000 0.481906 0.000000 0.876223 0.515214 0.515214 0.515214
4423.961914 0.000000 3844.321045 0.000000 0.944075 0.000000 0.329730 0.563257 0.563257 0.563257
4434.675293 0.000000 3914.330322 0.000000 0.866256 0.000000 0.499601 0.556901 0.556901 0.556901
4430.582031 0.000000 3922.395508 0.000000 0.210322 0.000000 0.977632 0.500259 0.500259 0.500259
4425.209961 0.000000 3918.135986 0.000000 0.992342 0.000000 0.123517 0.589983 0.589983 0.589983
4432.696289 0.000000 3918.093262 0.000000 0.904180 0.000000 0.427151 0.563640 0.563640 0.563640
4486.964355 0.000000 3848.535156 0.000000 0.790659 0.000000 0.612257 0.551637 0.551637 0.551637
4513.500977 0.000000 3938.065430 0.000000 0.126877 0.000000 0.991919 0.532966 0.532966 0.532966
4548.806641 0.000000 3991.357666 0.000000 0.363582 0.000000 0.931562 0.583840 0.583840 0.583840
4612.122559 0.000000 3819.599121 0.000000 0.347261 0.000000 0.937769 0.541706 0.541706 0.541706
4610.758789 0.000000 3829.266357 0.000000 0.287137 0.000000 0.957889 0.460082 0.460082 0.460082
4614.516602 0.000000 3829.346924 0.000000 0.998022 0.000000 0.062862 0.592274 0.592274 0.592274
4607.753906 0.000000 3829.998535 0.000000 0.854957 0.000000 0.518699 0.526482 0.526482 0.526482
4616.035156 0.000000 3826.507324 0.000000 0.907773 0.000000 0.419461 0.540349 0.540349 0.540349
4615.317383 0.000000 3823.562988 0.000000 0.145489 0.000000 0.989360 0.375906 0.375906 0.375906
4623.875488 0.000000 3945.954102 0.000000 0.949017 0.000000 0.315224 0.578383 0.578383 0.578383
4627.970703 0.000000 3943.315674 0.000000 0.787605 0.000000 0.616181 0.552266 0.552266 0.552266
4624.807129 0.000000 3937.311523 0.000000 0.999982 0.000000 0.006016 0.599558 0.599558 0.599558
4625.404785 0.000000 3947.176514 0.000000 0.401758 0.000000 0.915746 0.495981 0.495981 0.495981
4633.602051 0.000000 3929.091797 0.000000 0.999984 0.000000 0.005603 0.599455 0.599455 0.599455
4610.758789 0.000000 4021.219482 0.000000 0.978103 0.000000 0.208121 0.578331 0.578331 0.578331
4607.476562 0.000000 4020.307617 0.000000 0.974254 0.000000 0.225453 0.571046 0.571046 0.571046
4607.753906 0.000000 4021.951660 0.000000 0.718345 0.000000 0.695687 0.502040 0.502040 0.502040
4641.793945 0.000000 4026.451904 0.000000 0.972447 0.000000 0.233124 0.565813 0.565813 0.565813
4616.035156 0.000000 4018.460449 0.000000 0.826780 0.000000 0.562525 0.514983 0.514983 0.514983
4621.475098 0.000000 4025.652100 0.000000 0.304534 0.000000 0.952501 0.405391 0.405391 0.405391
4617.465820 0.000000 4030.464600 0.000000 0.675766 0.000000 0.737116 0.469645 0.469645 0.469645
4629.766113 0.000000 4038.939453 0.000000 0.996491 0.000000 0.083694 0.595858 0.595858 0.595858
4632.447266 0.000000 4034.800537 0.000000 0.801210 0.000000 0.598384 0.552916 0.552916 0.552916
4608.805664 0.000000 4036.100586 0.000000 0.999992 0.000000 0.004066 0.599659 0.599659 0.599659
4636.049805 0.000000 4036.808350 0.000000 0.328453 0.000000 0.944520 0.487050 0.487050 0.487050
4611.304688 0.000000 4038.681152 0.000000 0.660105 0.000000 0.751173 0.518528 0.518528 0.518528
4622.220215 0.000000 4034.430664 0.000000 0.697080 0.000000 0.716994 0.519763 0.519763 0.519763
4633.037598 0.000000 4042.201416 0.000000 0.090304 0.000000 0.995914 0.444776 0.444776 0.444776
4618.709961 0.000000 4040.989258 0.000000 0.526944 0.000000 0.849900 0.470665 0.470665 0.470665
4641.143066 0.000000 4035.735352 0.000000 0.916004 0.000000 0.401170 0.542495 0.542495 0.542495
4727.211914 0.000000 4056.737061 0.000000 0.786628 0.000000 0.617427 0.482375 0.482375 0.482375
"}
object={
	name="tree_leaf_2_high_generator_1_1"
	render_pass=Map
	clamp_to_water_level=no
	generated_content=yes
	layer="tree_high_layer"
	pdxmesh="tree_leaf_01_b_mesh"
	count=152
	transform="3230.002197 0.000000 3166.554932 0.000000 0.017333 0.000000 -0.999850 0.665155 0.665155 0.665155
3230.054199 0.000000 3186.151855 0.000000 0.224836 0.000000 -0.974397 0.686570 0.686570 0.686570
3240.789795 0.000000 3184.818848 0.000000 0.970866 0.000000 -0.239623 0.618123 0.618123 0.618123
3228.250244 0.000000 3183.548584 0.000000 0.022693 0.000000 -0.999743 0.746094 0.746094 0.746094
3244.672607 0.000000 3177.217529 0.000000 0.918777 0.000000 -0.394777 0.665653 0.665653 0.665653
3229.077393 0.000000 3178.623779 0.000000 0.878553 0.000000 -0.477645 0.688019 0.688019 0.688019
3232.118896 0.000000 3178.689941 0.000000 0.968734 0.000000 -0.248101 0.646570 0.646570 0.646570
3242.342041 0.000000 3178.965332 0.000000 0.455675 0.000000 -0.890146 0.790730 0.790730 0.790730
3230.087646 0.000000 3180.818115 0.000000 0.665296 0.000000 -0.746579 0.755301 0.755301 0.755301
3865.235840 0.000000 3510.947998 0.000000 0.646821 0.000000 -0.762642 0.610394 0.610394 0.610394
3862.508057 0.000000 3515.258789 0.000000 0.725873 0.000000 -0.687829 0.655672 0.655672 0.655672
3859.292969 0.000000 3509.979004 0.000000 0.981467 0.000000 -0.191633 0.623974 0.623974 0.623974
3856.660156 0.000000 3506.283936 0.000000 0.122281 0.000000 -0.992496 0.799577 0.799577 0.799577
3875.509521 0.000000 3578.337646 0.000000 0.869386 0.000000 -0.494133 0.628645 0.628645 0.628645
3874.622559 0.000000 3569.476562 0.000000 0.999996 0.000000 -0.002896 0.600312 0.600312 0.600312
3874.125977 0.000000 3567.480469 0.000000 0.973351 0.000000 -0.229319 0.633966 0.633966 0.633966
3774.833008 0.000000 3777.628418 0.000000 0.915240 0.000000 -0.402909 0.632923 0.632923 0.632923
3828.048340 0.000000 3825.623779 0.000000 0.780229 0.000000 -0.625494 0.614171 0.614171 0.614171
3836.337646 0.000000 3816.754639 0.000000 0.557906 0.000000 -0.829904 0.677718 0.677718 0.677718
3777.555420 0.000000 3786.652100 0.000000 0.874453 0.000000 -0.485111 0.640210 0.640210 0.640210
3871.896973 0.000000 3586.977783 0.000000 0.529898 0.000000 -0.848062 0.684917 0.684917 0.684917
3873.914795 0.000000 3585.147461 0.000000 0.778418 0.000000 -0.627746 0.665061 0.665061 0.665061
3866.094482 0.000000 3656.720459 0.000000 0.873622 0.000000 -0.486606 0.633495 0.633495 0.633495
3800.548584 0.000000 3906.831787 0.000000 0.292717 0.000000 -0.956199 0.693490 0.693490 0.693490
3835.182129 0.000000 3936.512207 0.000000 0.431315 0.000000 -0.902201 0.692672 0.692672 0.692672
3813.907959 0.000000 3918.739258 0.000000 0.896072 0.000000 -0.443909 0.638583 0.638583 0.638583
3796.777100 0.000000 3918.755615 0.000000 0.613726 0.000000 -0.789519 0.676337 0.676337 0.676337
3797.228760 0.000000 3924.554688 0.000000 0.258935 0.000000 -0.965895 0.739203 0.739203 0.739203
3798.663086 0.000000 3914.364990 0.000000 0.998172 0.000000 -0.060436 0.606703 0.606703 0.606703
3839.567871 0.000000 3939.693604 0.000000 0.804767 0.000000 -0.593591 0.651406 0.651406 0.651406
3843.822754 0.000000 3939.534668 0.000000 0.167851 0.000000 -0.985812 0.747022 0.747022 0.747022
3847.024658 0.000000 4008.698486 0.000000 0.496209 0.000000 -0.868203 0.691360 0.691360 0.691360
3867.010742 0.000000 3986.490479 0.000000 0.980235 0.000000 -0.197839 0.617899 0.617899 0.617899
3843.284912 0.000000 4016.370117 0.000000 0.973277 0.000000 -0.229635 0.622907 0.622907 0.622907
4158.586426 0.000000 3504.162598 0.000000 0.517374 0.000000 -0.855759 0.672305 0.672305 0.672305
4143.224609 0.000000 3498.845459 0.000000 0.570223 0.000000 -0.821490 0.690974 0.690974 0.690974
4152.686523 0.000000 3552.885742 0.000000 0.046593 0.000000 -0.998914 0.723289 0.723289 0.723289
4180.025391 0.000000 3559.409424 0.000000 0.647449 0.000000 -0.762109 0.657114 0.657114 0.657114
4208.720215 0.000000 3521.746582 0.000000 0.994390 0.000000 -0.105780 0.608572 0.608572 0.608572
4174.617188 0.000000 3554.114014 0.000000 0.747888 0.000000 -0.663825 0.664155 0.664155 0.664155
4303.008789 0.000000 3519.130371 0.000000 0.746754 0.000000 -0.665100 0.665396 0.665396 0.665396
4321.485352 0.000000 3548.307617 0.000000 0.766325 0.000000 -0.642453 0.621947 0.621947 0.621947
4302.170410 0.000000 3541.733643 0.000000 0.981214 0.000000 -0.192921 0.615994 0.615994 0.615994
4303.106934 0.000000 3525.385254 0.000000 0.622128 0.000000 -0.782916 0.842486 0.842486 0.842486
4390.899414 0.000000 3519.194580 0.000000 0.166365 0.000000 -0.986064 0.667282 0.667282 0.667282
4408.681641 0.000000 3544.405518 0.000000 0.935937 0.000000 -0.352168 0.623181 0.623181 0.623181
4415.369141 0.000000 3555.498779 0.000000 0.999880 0.000000 -0.015513 0.600999 0.600999 0.600999
4412.123047 0.000000 3542.359619 0.000000 0.672786 0.000000 -0.739837 0.658633 0.658633 0.658633
4411.555176 0.000000 3547.850342 0.000000 0.923555 0.000000 -0.383466 0.628886 0.628886 0.628886
4414.784180 0.000000 3553.405273 0.000000 0.974846 0.000000 -0.222881 0.618181 0.618181 0.618181
4414.699219 0.000000 3550.736572 0.000000 0.806720 0.000000 -0.590934 0.649245 0.649245 0.649245
4421.744141 0.000000 3556.003174 0.000000 0.892519 0.000000 -0.451010 0.663780 0.663780 0.663780
4156.231934 0.000000 3617.755615 0.000000 0.772634 0.000000 -0.634852 0.702000 0.702000 0.702000
4158.507812 0.000000 3616.058105 0.000000 0.456917 0.000000 -0.889509 0.801983 0.801983 0.801983
4190.807129 0.000000 3639.058838 0.000000 0.013640 0.000000 -0.999907 0.604665 0.604665 0.604665
4196.930664 0.000000 3637.903564 0.000000 0.232667 0.000000 -0.972557 0.670042 0.670042 0.670042
4161.984375 0.000000 3628.592041 0.000000 0.986834 0.000000 -0.161738 0.609247 0.609247 0.609247
4182.469238 0.000000 3643.227539 0.000000 0.738966 0.000000 -0.673743 0.649831 0.649831 0.649831
4168.736328 0.000000 3630.927734 0.000000 0.951972 0.000000 -0.306186 0.627502 0.627502 0.627502
4190.994141 0.000000 3655.701416 0.000000 0.453891 0.000000 -0.891057 0.647770 0.647770 0.647770
4329.559082 0.000000 3589.524902 0.000000 0.669452 0.000000 -0.742855 0.687798 0.687798 0.687798
4327.277344 0.000000 3584.854980 0.000000 0.755713 0.000000 -0.654903 0.682359 0.682359 0.682359
4298.713379 0.000000 3706.659424 0.000000 0.729316 0.000000 -0.684177 0.650789 0.650789 0.650789
4319.287109 0.000000 3689.331055 0.000000 0.640244 0.000000 -0.768171 0.662984 0.662984 0.662984
4308.009766 0.000000 3687.378174 0.000000 0.953521 0.000000 -0.301328 0.621091 0.621091 0.621091
4320.966797 0.000000 3701.078125 0.000000 0.822874 0.000000 -0.568223 0.641642 0.641642 0.641642
4315.242188 0.000000 3686.571533 0.000000 0.248784 0.000000 -0.968559 0.704745 0.704745 0.704745
4312.428711 0.000000 3695.802002 0.000000 0.233598 0.000000 -0.972333 0.705988 0.705988 0.705988
4310.369141 0.000000 3699.567383 0.000000 0.875192 0.000000 -0.483776 0.637064 0.637064 0.637064
4342.346191 0.000000 3654.173340 0.000000 0.273955 0.000000 -0.961742 0.708487 0.708487 0.708487
4292.811035 0.000000 3707.637207 0.000000 0.244029 0.000000 -0.969768 0.715053 0.715053 0.715053
4322.234863 0.000000 3685.823975 0.000000 0.907508 0.000000 -0.420034 0.638310 0.638310 0.638310
4350.517090 0.000000 3667.445312 0.000000 0.531412 0.000000 -0.847114 0.728665 0.728665 0.728665
4405.751953 0.000000 3642.197510 0.000000 0.328460 0.000000 -0.944518 0.725911 0.725911 0.725911
4443.755371 0.000000 3620.456299 0.000000 0.938416 0.000000 -0.345506 0.614796 0.614796 0.614796
4386.875000 0.000000 3652.808594 0.000000 0.855796 0.000000 -0.517314 0.642351 0.642351 0.642351
4391.269531 0.000000 3648.839355 0.000000 0.890543 0.000000 -0.454900 0.662252 0.662252 0.662252
4392.375000 0.000000 3647.703857 0.000000 0.104611 0.000000 -0.994513 0.813008 0.813008 0.813008
4383.525879 0.000000 3657.208008 0.000000 0.999160 0.000000 -0.040972 0.606200 0.606200 0.606200
4450.369141 0.000000 3702.806152 0.000000 0.744387 0.000000 -0.667748 0.621905 0.621905 0.621905
4467.266602 0.000000 3709.142578 0.000000 0.442677 0.000000 -0.896681 0.679969 0.679969 0.679969
4462.051758 0.000000 3704.279541 0.000000 0.193992 0.000000 -0.981003 0.725691 0.725691 0.725691
4450.369629 0.000000 3704.739502 0.000000 0.633642 0.000000 -0.773626 0.679499 0.679499 0.679499
4447.814941 0.000000 3709.008301 0.000000 0.778923 0.000000 -0.627120 0.679199 0.679199 0.679199
4476.765625 0.000000 3709.561279 0.000000 0.998725 0.000000 -0.050486 0.606280 0.606280 0.606280
4465.149414 0.000000 3711.753174 0.000000 0.233780 0.000000 -0.972289 0.687977 0.687977 0.687977
4473.906250 0.000000 3719.092285 0.000000 0.141106 0.000000 -0.989994 0.734875 0.734875 0.734875
4475.637695 0.000000 3715.805176 0.000000 0.936148 0.000000 -0.351607 0.640364 0.640364 0.640364
4404.185059 0.000000 3823.805420 0.000000 0.930713 0.000000 -0.365750 0.637018 0.637018 0.637018
4403.791016 0.000000 3831.060303 0.000000 0.799607 0.000000 -0.600524 0.666578 0.666578 0.666578
4467.158203 0.000000 3811.912598 0.000000 0.895797 0.000000 -0.444463 0.600690 0.600690 0.600690
4420.795410 0.000000 3835.605957 0.000000 0.198862 0.000000 -0.980027 0.725237 0.725237 0.725237
4423.784668 0.000000 3831.814697 0.000000 0.486399 0.000000 -0.873737 0.695523 0.695523 0.695523
4425.755859 0.000000 3787.018555 0.000000 0.996206 0.000000 -0.087031 0.610442 0.610442 0.610442
4500.643066 0.000000 3740.494873 0.000000 0.956503 0.000000 -0.291723 0.620841 0.620841 0.620841
4486.964355 0.000000 3720.566406 0.000000 0.941362 0.000000 -0.337399 0.625260 0.625260 0.625260
4483.320312 0.000000 3718.759277 0.000000 0.181953 0.000000 -0.983307 0.726811 0.726811 0.726811
4487.420410 0.000000 3714.306641 0.000000 0.369556 0.000000 -0.929209 0.726801 0.726801 0.726801
4605.322754 0.000000 3820.550781 0.000000 0.484963 0.000000 -0.874535 0.679726 0.679726 0.679726
4605.453125 0.000000 3827.639893 0.000000 0.378240 0.000000 -0.925708 0.865786 0.865786 0.865786
4204.708496 0.000000 3875.452148 0.000000 0.390536 0.000000 -0.920588 0.610512 0.610512 0.610512
4203.139160 0.000000 3881.660645 0.000000 0.946190 0.000000 -0.323612 0.621720 0.621720 0.621720
4167.003418 0.000000 3848.535156 0.000000 0.710550 0.000000 -0.703646 0.656120 0.656120 0.656120
4178.612305 0.000000 3858.409912 0.000000 0.959178 0.000000 -0.282802 0.621044 0.621044 0.621044
4182.265137 0.000000 3864.020264 0.000000 0.040215 0.000000 -0.999191 0.760488 0.760488 0.760488
4195.519043 0.000000 3873.674805 0.000000 0.624511 0.000000 -0.781016 0.696666 0.696666 0.696666
4192.143066 0.000000 3873.108398 0.000000 0.487371 0.000000 -0.873195 0.724050 0.724050 0.724050
4229.414062 0.000000 3869.799561 0.000000 0.283814 0.000000 -0.958879 0.665344 0.665344 0.665344
4235.056641 0.000000 3893.992188 0.000000 0.831359 0.000000 -0.555736 0.643250 0.643250 0.643250
4231.265625 0.000000 3871.181152 0.000000 0.524354 0.000000 -0.851500 0.674781 0.674781 0.674781
4232.728516 0.000000 3886.865234 0.000000 0.356209 0.000000 -0.934406 0.697599 0.697599 0.697599
4229.817871 0.000000 3878.915527 0.000000 0.339231 0.000000 -0.940703 0.700898 0.700898 0.700898
4237.074219 0.000000 3884.931396 0.000000 0.432060 0.000000 -0.901845 0.832351 0.832351 0.832351
4341.465332 0.000000 3876.067139 0.000000 0.582592 0.000000 -0.812764 0.666804 0.666804 0.666804
4350.147949 0.000000 3899.541748 0.000000 0.608592 0.000000 -0.793483 0.665898 0.665898 0.665898
4337.101074 0.000000 3876.601074 0.000000 0.884929 0.000000 -0.465726 0.637735 0.637735 0.637735
4345.073730 0.000000 3895.795410 0.000000 0.900031 0.000000 -0.435827 0.637153 0.637153 0.637153
4333.341797 0.000000 3970.040039 0.000000 0.951534 0.000000 -0.307544 0.626223 0.626223 0.626223
4305.367188 0.000000 4039.189697 0.000000 0.920601 0.000000 -0.390505 0.638460 0.638460 0.638460
4328.665527 0.000000 4055.300781 0.000000 0.986614 0.000000 -0.163075 0.618403 0.618403 0.618403
4411.840332 0.000000 3847.652588 0.000000 0.757588 0.000000 -0.652733 0.645808 0.645808 0.645808
4414.755371 0.000000 3841.612793 0.000000 0.939591 0.000000 -0.342300 0.626689 0.626689 0.626689
4412.815918 0.000000 3846.086182 0.000000 0.185808 0.000000 -0.982586 0.738890 0.738890 0.738890
4351.807617 0.000000 3888.279785 0.000000 0.433599 0.000000 -0.901106 0.729448 0.729448 0.729448
4429.320312 0.000000 3916.078613 0.000000 0.098344 0.000000 -0.995152 0.712475 0.712475 0.712475
4422.954590 0.000000 3921.642090 0.000000 0.832786 0.000000 -0.553596 0.647455 0.647455 0.647455
4434.402832 0.000000 3920.432129 0.000000 0.653891 0.000000 -0.756589 0.700257 0.700257 0.700257
4484.927734 0.000000 3852.348633 0.000000 0.764163 0.000000 -0.645024 0.653557 0.653557 0.653557
4481.469727 0.000000 3850.636475 0.000000 0.337108 0.000000 -0.941466 0.702922 0.702922 0.702922
4427.340332 0.000000 4043.300049 0.000000 0.871128 0.000000 -0.491056 0.621529 0.621529 0.621529
4489.045898 0.000000 4076.414795 0.000000 0.818032 0.000000 -0.575173 0.638554 0.638554 0.638554
4605.762207 0.000000 4039.532959 0.000000 0.996336 0.000000 -0.085530 0.609621 0.609621 0.609621
4613.591797 0.000000 3827.216064 0.000000 0.887845 0.000000 -0.460143 0.673773 0.673773 0.673773
4628.627441 0.000000 3932.447998 0.000000 0.306665 0.000000 -0.951817 0.688645 0.688645 0.688645
4636.219238 0.000000 3916.301025 0.000000 0.259305 0.000000 -0.965795 0.711722 0.711722 0.711722
4645.806641 0.000000 3918.739258 0.000000 0.994219 0.000000 -0.107375 0.609508 0.609508 0.609508
4634.004883 0.000000 3919.364990 0.000000 0.654245 0.000000 -0.756282 0.680933 0.680933 0.680933
4641.887695 0.000000 3919.107910 0.000000 0.977363 0.000000 -0.211570 0.620437 0.620437 0.620437
4631.680664 0.000000 4028.849121 0.000000 0.837452 0.000000 -0.546511 0.653698 0.653698 0.653698
4617.751953 0.000000 4017.087646 0.000000 0.674912 0.000000 -0.737898 0.693241 0.693241 0.693241
4613.201172 0.000000 4029.213135 0.000000 0.807554 0.000000 -0.589794 0.669923 0.669923 0.669923
4616.483398 0.000000 4020.182617 0.000000 0.723091 0.000000 -0.690753 0.710795 0.710795 0.710795
4610.127930 0.000000 4023.828125 0.000000 0.727775 0.000000 -0.685816 0.736975 0.736975 0.736975
4636.219238 0.000000 4044.269775 0.000000 0.967994 0.000000 -0.250973 0.620140 0.620140 0.620140
4626.856445 0.000000 4031.486816 0.000000 0.880506 0.000000 -0.474034 0.642907 0.642907 0.642907
4625.328125 0.000000 4039.189697 0.000000 0.042005 0.000000 -0.999117 0.732820 0.732820 0.732820
4615.618652 0.000000 4039.022949 0.000000 0.446915 0.000000 -0.894576 0.752622 0.752622 0.752622
4610.753906 0.000000 4031.095215 0.000000 0.828979 0.000000 -0.559280 0.696017 0.696017 0.696017
4722.526855 0.000000 4061.555176 0.000000 0.833923 0.000000 -0.551880 0.632401 0.632401 0.632401
4712.673828 0.000000 4059.513916 0.000000 0.566111 0.000000 -0.824329 0.748055 0.748055 0.748055
4712.079590 0.000000 4058.014160 0.000000 0.787712 0.000000 -0.616044 0.701407 0.701407 0.701407
4710.301270 0.000000 4057.755127 0.000000 0.907211 0.000000 -0.420676 0.667640 0.667640 0.667640
"}
