object={
	name="tree_sakura_forest_generator_0"
	render_pass=Map
	clamp_to_water_level=no
	generated_content=yes
	layer="tree_high_layer"
	pdxmesh="tree_sakura_01_mesh"
	count=48
	transform="3237.681641 0.000000 3173.397217 0.000000 0.101505 0.000000 0.994835 1.000000 1.000000 1.000000
3238.377441 0.000000 3181.671631 0.000000 0.011453 0.000000 0.999934 1.000000 1.000000 1.000000
3855.195801 0.000000 3506.856934 0.000000 0.343896 0.000000 0.939008 1.000000 1.000000 1.000000
3832.040771 0.000000 3797.266846 0.000000 0.731041 0.000000 0.682333 1.000000 1.000000 1.000000
3870.314209 0.000000 3641.178467 0.000000 0.536348 0.000000 0.843997 1.000000 1.000000 1.000000
3809.097168 0.000000 3912.857178 0.000000 0.207952 0.000000 0.978139 1.000000 1.000000 1.000000
3806.393066 0.000000 3928.604248 0.000000 0.651835 0.000000 0.758361 1.000000 1.000000 1.000000
3826.312500 0.000000 4006.231445 0.000000 0.625064 0.000000 0.780574 1.000000 1.000000 1.000000
3845.276611 0.000000 3938.427490 0.000000 0.180702 0.000000 0.983538 1.000000 1.000000 1.000000
3854.899902 0.000000 4007.691162 0.000000 0.482325 0.000000 0.875992 1.000000 1.000000 1.000000
4150.644531 0.000000 3501.184082 0.000000 0.502566 0.000000 0.864539 1.000000 1.000000 1.000000
4163.750000 0.000000 3502.517334 0.000000 0.171550 0.000000 0.985175 1.000000 1.000000 1.000000
4303.141113 0.000000 3506.856934 0.000000 0.812326 0.000000 0.583204 1.000000 1.000000 1.000000
4307.512207 0.000000 3508.304932 0.000000 0.591239 0.000000 0.806496 1.000000 1.000000 1.000000
4301.981934 0.000000 3547.779297 0.000000 0.732345 0.000000 0.680933 1.000000 1.000000 1.000000
4405.457520 0.000000 3556.145264 0.000000 0.334889 0.000000 0.942258 1.000000 1.000000 1.000000
4160.501953 0.000000 3612.615479 0.000000 0.500868 0.000000 0.865523 1.000000 1.000000 1.000000
4328.140137 0.000000 3590.734131 0.000000 0.752011 0.000000 0.659150 1.000000 1.000000 1.000000
4316.653320 0.000000 3693.412842 0.000000 0.760671 0.000000 0.649137 1.000000 1.000000 1.000000
4402.151855 0.000000 3641.740967 0.000000 0.828402 0.000000 0.560134 1.000000 1.000000 1.000000
4451.475098 0.000000 3620.265625 0.000000 0.028914 0.000000 0.999582 1.000000 1.000000 1.000000
4351.589844 0.000000 3659.596924 0.000000 0.708988 0.000000 0.705220 1.000000 1.000000 1.000000
4363.748535 0.000000 3650.151123 0.000000 0.552746 0.000000 0.833350 1.000000 1.000000 1.000000
4359.460449 0.000000 3658.555420 0.000000 0.459565 0.000000 0.888144 1.000000 1.000000 1.000000
4397.333984 0.000000 3650.118164 0.000000 0.053534 0.000000 0.998566 1.000000 1.000000 1.000000
4358.770020 0.000000 3660.196777 0.000000 0.769673 0.000000 0.638438 1.000000 1.000000 1.000000
4461.361328 0.000000 3707.616211 0.000000 0.254171 0.000000 0.967159 1.000000 1.000000 1.000000
4466.680664 0.000000 3714.542969 0.000000 0.740027 0.000000 0.672577 1.000000 1.000000 1.000000
4475.796875 0.000000 3713.852539 0.000000 0.138442 0.000000 0.990371 1.000000 1.000000 1.000000
4477.546875 0.000000 3716.770264 0.000000 0.810966 0.000000 0.585094 1.000000 1.000000 1.000000
4408.329590 0.000000 3829.938477 0.000000 0.402003 0.000000 0.915638 1.000000 1.000000 1.000000
4507.763184 0.000000 3745.809814 0.000000 0.766192 0.000000 0.642612 1.000000 1.000000 1.000000
4187.839355 0.000000 3868.591309 0.000000 0.455313 0.000000 0.890332 1.000000 1.000000 1.000000
4233.077148 0.000000 3884.461670 0.000000 0.493918 0.000000 0.869508 1.000000 1.000000 1.000000
4235.730469 0.000000 3878.999023 0.000000 0.709858 0.000000 0.704344 1.000000 1.000000 1.000000
4345.893066 0.000000 3880.948486 0.000000 0.175400 0.000000 0.984497 1.000000 1.000000 1.000000
4299.355957 0.000000 4043.300049 0.000000 0.506340 0.000000 0.862334 1.000000 1.000000 1.000000
4323.017090 0.000000 4062.259277 0.000000 0.367100 0.000000 0.930182 1.000000 1.000000 1.000000
4425.260742 0.000000 3934.460938 0.000000 0.141630 0.000000 0.989920 1.000000 1.000000 1.000000
4484.941895 0.000000 3857.384766 0.000000 0.611151 0.000000 0.791514 1.000000 1.000000 1.000000
4604.007324 0.000000 4018.810303 0.000000 0.832530 0.000000 0.553979 1.000000 1.000000 1.000000
4619.463867 0.000000 3825.644531 0.000000 0.792999 0.000000 0.609223 1.000000 1.000000 1.000000
4613.185547 0.000000 3821.408447 0.000000 0.727157 0.000000 0.686471 1.000000 1.000000 1.000000
4629.482422 0.000000 3936.779785 0.000000 0.825894 0.000000 0.563825 1.000000 1.000000 1.000000
4639.974609 0.000000 4027.116455 0.000000 0.731873 0.000000 0.681441 1.000000 1.000000 1.000000
4641.821289 0.000000 4033.038086 0.000000 0.638822 0.000000 0.769354 1.000000 1.000000 1.000000
4620.605957 0.000000 4050.138428 0.000000 0.649584 0.000000 0.760290 1.000000 1.000000 1.000000
4715.026855 0.000000 4061.663574 0.000000 0.121522 0.000000 0.992589 1.000000 1.000000 1.000000
"}
object={
	name="tree_sakura_forest_generator_1"
	render_pass=Map
	clamp_to_water_level=no
	generated_content=yes
	layer="tree_high_layer"
	pdxmesh="tree_sakura_02_mesh"
	count=54
	transform="3234.204102 0.000000 3183.574219 0.000000 0.893110 0.000000 -0.449838 1.000000 1.000000 1.000000
3777.295410 0.000000 3774.155029 0.000000 0.946244 0.000000 -0.323452 1.000000 1.000000 1.000000
3838.030762 0.000000 3802.134521 0.000000 0.984559 0.000000 -0.175054 1.000000 1.000000 1.000000
3840.245361 0.000000 3809.243896 0.000000 0.996742 0.000000 -0.080651 1.000000 1.000000 1.000000
3807.474854 0.000000 3922.309570 0.000000 0.997571 0.000000 -0.069659 1.000000 1.000000 1.000000
3832.682129 0.000000 4004.292725 0.000000 0.928640 0.000000 -0.370983 1.000000 1.000000 1.000000
3829.527832 0.000000 4004.035889 0.000000 0.951745 0.000000 0.306890 1.000000 1.000000 1.000000
3834.297119 0.000000 4019.951904 0.000000 0.912423 0.000000 -0.409249 1.000000 1.000000 1.000000
3849.330811 0.000000 3934.460938 0.000000 0.957319 0.000000 0.289032 1.000000 1.000000 1.000000
3846.057373 0.000000 4022.911377 0.000000 0.933729 0.000000 0.357981 1.000000 1.000000 1.000000
3849.330811 0.000000 3998.445312 0.000000 0.925049 0.000000 0.379847 1.000000 1.000000 1.000000
3853.100098 0.000000 4005.982422 0.000000 0.937176 0.000000 -0.348857 1.000000 1.000000 1.000000
3867.707520 0.000000 3984.609863 0.000000 0.995954 0.000000 0.089864 1.000000 1.000000 1.000000
4135.809082 0.000000 3501.269287 0.000000 0.880793 0.000000 -0.473501 1.000000 1.000000 1.000000
4162.459473 0.000000 3506.393066 0.000000 0.947242 0.000000 -0.320518 1.000000 1.000000 1.000000
4181.557617 0.000000 3563.763428 0.000000 0.933999 0.000000 0.357275 1.000000 1.000000 1.000000
4309.722168 0.000000 3542.342285 0.000000 0.999722 0.000000 -0.023580 1.000000 1.000000 1.000000
4406.994629 0.000000 3551.546143 0.000000 0.902240 0.000000 0.431235 1.000000 1.000000 1.000000
4413.960938 0.000000 3546.197021 0.000000 0.988068 0.000000 -0.154016 1.000000 1.000000 1.000000
4164.177246 0.000000 3627.645996 0.000000 0.993489 0.000000 -0.113928 1.000000 1.000000 1.000000
4326.510742 0.000000 3587.367676 0.000000 0.892848 0.000000 -0.450357 1.000000 1.000000 1.000000
4341.810059 0.000000 3656.131592 0.000000 0.972923 0.000000 -0.231131 1.000000 1.000000 1.000000
4351.699707 0.000000 3671.988037 0.000000 0.963039 0.000000 0.269361 1.000000 1.000000 1.000000
4413.483398 0.000000 3657.377197 0.000000 0.994263 0.000000 0.106963 1.000000 1.000000 1.000000
4390.617676 0.000000 3653.556152 0.000000 0.870902 0.000000 -0.491458 1.000000 1.000000 1.000000
4470.691895 0.000000 3734.875000 0.000000 0.928738 0.000000 -0.370737 1.000000 1.000000 1.000000
4469.135254 0.000000 3729.503174 0.000000 0.990860 0.000000 -0.134893 1.000000 1.000000 1.000000
4465.923828 0.000000 3734.643555 0.000000 0.955069 0.000000 -0.296382 1.000000 1.000000 1.000000
4475.049316 0.000000 3711.210693 0.000000 0.993954 0.000000 -0.109797 1.000000 1.000000 1.000000
4407.458984 0.000000 3835.379150 0.000000 0.918753 0.000000 -0.394833 1.000000 1.000000 1.000000
4402.747070 0.000000 3827.423584 0.000000 0.874600 0.000000 -0.484846 1.000000 1.000000 1.000000
4419.307129 0.000000 3830.960205 0.000000 0.962954 0.000000 -0.269667 1.000000 1.000000 1.000000
4510.452148 0.000000 3744.643311 0.000000 0.995071 0.000000 -0.099168 1.000000 1.000000 1.000000
4496.759277 0.000000 3739.563477 0.000000 0.914937 0.000000 0.403597 1.000000 1.000000 1.000000
4604.840332 0.000000 3830.606934 0.000000 0.998785 0.000000 0.049278 1.000000 1.000000 1.000000
4202.937500 0.000000 3874.239258 0.000000 0.876037 0.000000 0.482244 1.000000 1.000000 1.000000
4173.351562 0.000000 3852.094238 0.000000 0.991885 0.000000 0.127138 1.000000 1.000000 1.000000
4194.411621 0.000000 3872.233398 0.000000 0.999199 0.000000 0.040019 1.000000 1.000000 1.000000
4226.514160 0.000000 3873.736572 0.000000 0.999889 0.000000 0.014928 1.000000 1.000000 1.000000
4236.169922 0.000000 3886.747070 0.000000 0.866884 0.000000 -0.498510 1.000000 1.000000 1.000000
4232.530273 0.000000 3892.213867 0.000000 0.963380 0.000000 0.268141 1.000000 1.000000 1.000000
4347.274902 0.000000 3902.228027 0.000000 0.958020 0.000000 -0.286702 1.000000 1.000000 1.000000
4349.354004 0.000000 3884.535156 0.000000 0.996929 0.000000 -0.078305 1.000000 1.000000 1.000000
4334.185059 0.000000 3874.112793 0.000000 0.999858 0.000000 0.016838 1.000000 1.000000 1.000000
4606.116699 0.000000 4027.510498 0.000000 0.993032 0.000000 0.117843 1.000000 1.000000 1.000000
4624.699219 0.000000 3942.016113 0.000000 0.964674 0.000000 0.263446 1.000000 1.000000 1.000000
4638.149414 0.000000 3916.868164 0.000000 0.882892 0.000000 0.469576 1.000000 1.000000 1.000000
4627.936035 0.000000 3934.756836 0.000000 0.975237 0.000000 -0.221162 1.000000 1.000000 1.000000
4618.674316 0.000000 4026.581299 0.000000 0.970870 0.000000 -0.239608 1.000000 1.000000 1.000000
4630.414551 0.000000 4027.133789 0.000000 0.961211 0.000000 0.275815 1.000000 1.000000 1.000000
4617.980469 0.000000 4020.570801 0.000000 0.930383 0.000000 -0.366588 1.000000 1.000000 1.000000
4630.498535 0.000000 4033.730713 0.000000 0.954420 0.000000 0.298466 1.000000 1.000000 1.000000
4625.898438 0.000000 4035.127197 0.000000 0.940537 0.000000 -0.339691 1.000000 1.000000 1.000000
4727.675781 0.000000 4059.561523 0.000000 0.985862 0.000000 0.167556 1.000000 1.000000 1.000000
"}
object={
	name="tree_sakura_forest_generator_2"
	render_pass=Map
	clamp_to_water_level=no
	generated_content=yes
	layer="tree_high_layer"
	pdxmesh="tree_sakura_03_mesh"
	count=64
	transform="3016.538818 0.000000 1978.177979 0.000000 0.460409 0.000000 -0.887707 1.000000 1.000000 1.000000
3227.178223 0.000000 3167.484619 0.000000 0.542714 0.000000 -0.839918 1.000000 1.000000 1.000000
3835.265625 0.000000 3821.268066 0.000000 0.760736 0.000000 -0.649062 1.000000 1.000000 1.000000
3836.193359 0.000000 3798.297119 0.000000 0.829933 0.000000 -0.557862 1.000000 1.000000 1.000000
3778.104492 0.000000 3777.997070 0.000000 0.416552 0.000000 -0.909112 1.000000 1.000000 1.000000
3795.415039 0.000000 3924.525635 0.000000 0.604783 0.000000 -0.796390 1.000000 1.000000 1.000000
3803.715332 0.000000 3920.625488 0.000000 0.378467 0.000000 -0.925615 1.000000 1.000000 1.000000
3796.089844 0.000000 3916.713867 0.000000 0.843000 0.000000 -0.537914 1.000000 1.000000 1.000000
3828.782959 0.000000 4010.884521 0.000000 0.483963 0.000000 -0.875088 1.000000 1.000000 1.000000
3832.242432 0.000000 4016.879395 0.000000 0.596459 0.000000 -0.802644 1.000000 1.000000 1.000000
3836.934082 0.000000 4022.560059 0.000000 0.681010 0.000000 -0.732274 1.000000 1.000000 1.000000
3861.576172 0.000000 4000.764160 0.000000 0.342293 0.000000 -0.939593 1.000000 1.000000 1.000000
3850.503418 0.000000 4010.706055 0.000000 0.041597 0.000000 -0.999134 1.000000 1.000000 1.000000
4148.009277 0.000000 3505.701904 0.000000 0.701279 0.000000 -0.712887 1.000000 1.000000 1.000000
4137.145020 0.000000 3496.220459 0.000000 0.865722 0.000000 -0.500525 1.000000 1.000000 1.000000
4179.617188 0.000000 3511.622070 0.000000 0.144736 0.000000 -0.989470 1.000000 1.000000 1.000000
4161.458496 0.000000 3504.053955 0.000000 0.201823 0.000000 -0.979422 1.000000 1.000000 1.000000
4174.697266 0.000000 3512.838867 0.000000 0.791793 0.000000 -0.610790 1.000000 1.000000 1.000000
4151.226562 0.000000 3549.267822 0.000000 0.071002 0.000000 -0.997476 1.000000 1.000000 1.000000
4176.753906 0.000000 3558.109863 0.000000 0.581887 0.000000 -0.813270 1.000000 1.000000 1.000000
4294.729980 0.000000 3516.452881 0.000000 0.670560 0.000000 -0.741855 1.000000 1.000000 1.000000
4306.675293 0.000000 3534.893799 0.000000 0.333688 0.000000 -0.942683 1.000000 1.000000 1.000000
4329.401367 0.000000 3583.071777 0.000000 0.851013 0.000000 -0.525144 1.000000 1.000000 1.000000
4163.524414 0.000000 3604.939209 0.000000 0.545745 0.000000 -0.837951 1.000000 1.000000 1.000000
4160.216309 0.000000 3615.679443 0.000000 0.345094 0.000000 -0.938568 1.000000 1.000000 1.000000
4186.055664 0.000000 3656.720459 0.000000 0.769996 0.000000 -0.638048 1.000000 1.000000 1.000000
4334.565918 0.000000 3597.759766 0.000000 0.863230 0.000000 -0.504811 1.000000 1.000000 1.000000
4326.625488 0.000000 3589.571777 0.000000 0.391152 0.000000 -0.920326 1.000000 1.000000 1.000000
4310.599121 0.000000 3704.184570 0.000000 0.554912 0.000000 -0.831909 1.000000 1.000000 1.000000
4321.027344 0.000000 3696.689697 0.000000 0.842044 0.000000 -0.539410 1.000000 1.000000 1.000000
4428.146484 0.000000 3630.809570 0.000000 0.297715 0.000000 -0.954655 1.000000 1.000000 1.000000
4368.800781 0.000000 3657.398926 0.000000 0.518720 0.000000 -0.854944 1.000000 1.000000 1.000000
4393.937988 0.000000 3647.711914 0.000000 0.797181 0.000000 -0.603740 1.000000 1.000000 1.000000
4468.172363 0.000000 3707.190918 0.000000 0.813125 0.000000 -0.582089 1.000000 1.000000 1.000000
4474.325195 0.000000 3731.437988 0.000000 0.475103 0.000000 -0.879930 1.000000 1.000000 1.000000
4449.019531 0.000000 3720.904053 0.000000 0.296902 0.000000 -0.954908 1.000000 1.000000 1.000000
4472.988281 0.000000 3717.419922 0.000000 0.583476 0.000000 -0.812130 1.000000 1.000000 1.000000
4477.223633 0.000000 3713.502930 0.000000 0.792980 0.000000 -0.609248 1.000000 1.000000 1.000000
4515.915527 0.000000 3750.840088 0.000000 0.369524 0.000000 -0.929221 1.000000 1.000000 1.000000
4483.986816 0.000000 3714.876953 0.000000 0.550819 0.000000 -0.834625 1.000000 1.000000 1.000000
4480.265137 0.000000 3712.859131 0.000000 0.269171 0.000000 -0.963092 1.000000 1.000000 1.000000
4604.164551 0.000000 3825.087402 0.000000 0.254860 0.000000 -0.966978 1.000000 1.000000 1.000000
4182.480469 0.000000 3859.100098 0.000000 0.131191 0.000000 -0.991357 1.000000 1.000000 1.000000
4233.879883 0.000000 3874.526367 0.000000 0.675057 0.000000 -0.737766 1.000000 1.000000 1.000000
4227.555664 0.000000 3870.195801 0.000000 0.238900 0.000000 -0.971044 1.000000 1.000000 1.000000
4342.067383 0.000000 3880.822510 0.000000 0.703451 0.000000 -0.710744 1.000000 1.000000 1.000000
4338.250000 0.000000 3878.262695 0.000000 0.858036 0.000000 -0.513589 1.000000 1.000000 1.000000
4347.203125 0.000000 3885.252441 0.000000 0.344620 0.000000 -0.938742 1.000000 1.000000 1.000000
4334.785156 0.000000 3876.674561 0.000000 0.289021 0.000000 -0.957323 1.000000 1.000000 1.000000
4330.054199 0.000000 4058.451904 0.000000 0.188436 0.000000 -0.982086 1.000000 1.000000 1.000000
4330.383789 0.000000 4055.632568 0.000000 0.775025 0.000000 -0.631931 1.000000 1.000000 1.000000
4326.273926 0.000000 4062.090576 0.000000 0.553425 0.000000 -0.832899 1.000000 1.000000 1.000000
4415.533203 0.000000 3848.311523 0.000000 0.536458 0.000000 -0.843927 1.000000 1.000000 1.000000
4436.241699 0.000000 3920.890381 0.000000 0.502151 0.000000 -0.864780 1.000000 1.000000 1.000000
4432.792969 0.000000 3913.336426 0.000000 0.246591 0.000000 -0.969120 1.000000 1.000000 1.000000
4378.865723 0.000000 3967.152100 0.000000 0.778852 0.000000 -0.627208 1.000000 1.000000 1.000000
4475.547363 0.000000 4059.725342 0.000000 0.834758 0.000000 -0.550616 1.000000 1.000000 1.000000
4619.946289 0.000000 3827.967529 0.000000 0.671816 0.000000 -0.740718 1.000000 1.000000 1.000000
4614.492676 0.000000 3825.978027 0.000000 0.783124 0.000000 -0.621865 1.000000 1.000000 1.000000
4617.751953 0.000000 3825.134521 0.000000 0.734502 0.000000 -0.678606 1.000000 1.000000 1.000000
4612.771973 0.000000 4027.559082 0.000000 0.810465 0.000000 -0.585787 1.000000 1.000000 1.000000
4641.177246 0.000000 4029.923340 0.000000 0.110904 0.000000 -0.993831 1.000000 1.000000 1.000000
4614.618164 0.000000 4030.875488 0.000000 0.042525 0.000000 -0.999095 1.000000 1.000000 1.000000
4631.888672 0.000000 4043.485596 0.000000 0.651310 0.000000 -0.758811 1.000000 1.000000 1.000000
"}
