object={
	name="tree_cypress_01_generator_1_0"
	render_pass=Map
	clamp_to_water_level=no
	generated_content=yes
	layer="tree_high_layer"
	pdxmesh="tree_cypress_01_a_mesh"
	count=167
	transform="3008.164795 0.000000 1983.665527 0.000000 0.982798 0.000000 0.184686 1.000000 1.000000 1.000000
3227.374756 0.000000 3174.696533 0.000000 0.675102 0.000000 0.737724 1.000000 1.000000 1.000000
3237.321289 0.000000 3184.496826 0.000000 0.785534 0.000000 0.618819 1.000000 1.000000 1.000000
3240.914062 0.000000 3180.226074 0.000000 0.853047 0.000000 0.521834 1.000000 1.000000 1.000000
3235.479248 0.000000 3178.260254 0.000000 0.265266 0.000000 0.964175 1.000000 1.000000 1.000000
3858.134521 0.000000 3514.552246 0.000000 0.375697 0.000000 0.926743 1.000000 1.000000 1.000000
3871.050537 0.000000 3572.105225 0.000000 0.971583 0.000000 0.236697 1.000000 1.000000 1.000000
3870.529785 0.000000 3552.690186 0.000000 0.257084 0.000000 0.966389 1.000000 1.000000 1.000000
3873.021484 0.000000 3573.109375 0.000000 0.922379 0.000000 0.386287 1.000000 1.000000 1.000000
3872.068359 0.000000 3570.429199 0.000000 0.819624 0.000000 0.572902 1.000000 1.000000 1.000000
3775.611084 0.000000 3784.327148 0.000000 0.103232 0.000000 0.994657 1.000000 1.000000 1.000000
3776.907227 0.000000 3780.163086 0.000000 0.583516 0.000000 0.812101 1.000000 1.000000 1.000000
3825.163330 0.000000 3812.616699 0.000000 0.994078 0.000000 0.108665 1.000000 1.000000 1.000000
3827.965332 0.000000 3807.034424 0.000000 0.760972 0.000000 0.648785 1.000000 1.000000 1.000000
3825.719482 0.000000 3816.062744 0.000000 0.305549 0.000000 0.952176 1.000000 1.000000 1.000000
3821.877686 0.000000 3823.041260 0.000000 0.995493 0.000000 0.094834 1.000000 1.000000 1.000000
3835.721191 0.000000 3795.367188 0.000000 0.297939 0.000000 0.954585 1.000000 1.000000 1.000000
3871.032959 0.000000 3591.717041 0.000000 0.997509 0.000000 0.070534 1.000000 1.000000 1.000000
3869.662109 0.000000 3645.593506 0.000000 0.964348 0.000000 0.264638 1.000000 1.000000 1.000000
3839.602783 0.000000 3793.655518 0.000000 0.654791 0.000000 0.755810 1.000000 1.000000 1.000000
3831.157227 0.000000 3930.205566 0.000000 0.396337 0.000000 0.918105 1.000000 1.000000 1.000000
3803.269775 0.000000 3924.466064 0.000000 0.472524 0.000000 0.881318 1.000000 1.000000 1.000000
3839.439209 0.000000 3939.405029 0.000000 0.873105 0.000000 0.487532 1.000000 1.000000 1.000000
3804.320312 0.000000 3916.301025 0.000000 0.923589 0.000000 0.383385 1.000000 1.000000 1.000000
3796.541748 0.000000 3922.909180 0.000000 0.916815 0.000000 0.399311 1.000000 1.000000 1.000000
3796.981934 0.000000 3912.752441 0.000000 0.705729 0.000000 0.708482 1.000000 1.000000 1.000000
3833.218506 0.000000 4012.560791 0.000000 0.919229 0.000000 0.393723 1.000000 1.000000 1.000000
3853.100098 0.000000 3941.998047 0.000000 0.839871 0.000000 0.542785 1.000000 1.000000 1.000000
3870.648682 0.000000 3988.493408 0.000000 0.997349 0.000000 0.072771 1.000000 1.000000 1.000000
3860.029785 0.000000 3998.741211 0.000000 0.371452 0.000000 0.928452 1.000000 1.000000 1.000000
3853.338379 0.000000 3998.550049 0.000000 0.330749 0.000000 0.943719 1.000000 1.000000 1.000000
3839.639893 0.000000 4011.024902 0.000000 0.184577 0.000000 0.982818 1.000000 1.000000 1.000000
3847.312500 0.000000 3999.149902 0.000000 0.594222 0.000000 0.804301 1.000000 1.000000 1.000000
3849.029053 0.000000 4008.774170 0.000000 0.843902 0.000000 0.536498 1.000000 1.000000 1.000000
3850.136963 0.000000 4006.805664 0.000000 0.897744 0.000000 0.440518 1.000000 1.000000 1.000000
3839.532959 0.000000 4025.420166 0.000000 0.994129 0.000000 0.108200 1.000000 1.000000 1.000000
3846.252441 0.000000 4011.851074 0.000000 0.783402 0.000000 0.621515 1.000000 1.000000 1.000000
3859.712646 0.000000 4002.993652 0.000000 0.993664 0.000000 0.112392 1.000000 1.000000 1.000000
4155.226562 0.000000 3501.346191 0.000000 0.347879 0.000000 0.937539 1.000000 1.000000 1.000000
4146.129395 0.000000 3501.361328 0.000000 0.224346 0.000000 0.974509 1.000000 1.000000 1.000000
4173.113770 0.000000 3515.176270 0.000000 0.801407 0.000000 0.598120 1.000000 1.000000 1.000000
4169.749023 0.000000 3506.950439 0.000000 0.861696 0.000000 0.507426 1.000000 1.000000 1.000000
4171.064453 0.000000 3510.085938 0.000000 0.627419 0.000000 0.778682 1.000000 1.000000 1.000000
4151.277832 0.000000 3554.431885 0.000000 0.159314 0.000000 0.987228 1.000000 1.000000 1.000000
4177.682129 0.000000 3555.342285 0.000000 0.728151 0.000000 0.685417 1.000000 1.000000 1.000000
4161.782715 0.000000 3551.067627 0.000000 0.961820 0.000000 0.273681 1.000000 1.000000 1.000000
4213.311523 0.000000 3524.449463 0.000000 0.228839 0.000000 0.973464 1.000000 1.000000 1.000000
4162.521973 0.000000 3553.814697 0.000000 0.887847 0.000000 0.460138 1.000000 1.000000 1.000000
4163.563477 0.000000 3550.273926 0.000000 0.686488 0.000000 0.727141 1.000000 1.000000 1.000000
4168.936523 0.000000 3557.428223 0.000000 0.986875 0.000000 0.161486 1.000000 1.000000 1.000000
4169.248047 0.000000 3552.417236 0.000000 0.232094 0.000000 0.972693 1.000000 1.000000 1.000000
4298.713379 0.000000 3514.706299 0.000000 0.999839 0.000000 0.017966 1.000000 1.000000 1.000000
4306.080078 0.000000 3514.552246 0.000000 0.906763 0.000000 0.421640 1.000000 1.000000 1.000000
4303.685547 0.000000 3510.992432 0.000000 0.979696 0.000000 0.200489 1.000000 1.000000 1.000000
4320.563477 0.000000 3551.399902 0.000000 0.999828 0.000000 0.018549 1.000000 1.000000 1.000000
4313.072266 0.000000 3526.454590 0.000000 0.489077 0.000000 0.872241 1.000000 1.000000 1.000000
4308.682617 0.000000 3525.008057 0.000000 0.970167 0.000000 0.242439 1.000000 1.000000 1.000000
4308.479492 0.000000 3539.002930 0.000000 0.149987 0.000000 0.988688 1.000000 1.000000 1.000000
4308.714844 0.000000 3534.849365 0.000000 0.815217 0.000000 0.579156 1.000000 1.000000 1.000000
4303.985352 0.000000 3520.979736 0.000000 0.738258 0.000000 0.674518 1.000000 1.000000 1.000000
4307.704590 0.000000 3542.484375 0.000000 0.633238 0.000000 0.773957 1.000000 1.000000 1.000000
4392.137695 0.000000 3524.429932 0.000000 0.938441 0.000000 0.345439 1.000000 1.000000 1.000000
4195.644531 0.000000 3632.099365 0.000000 0.916354 0.000000 0.400369 1.000000 1.000000 1.000000
4187.767578 0.000000 3638.145264 0.000000 0.367142 0.000000 0.930165 1.000000 1.000000 1.000000
4169.084961 0.000000 3628.524170 0.000000 0.952955 0.000000 0.303112 1.000000 1.000000 1.000000
4188.460449 0.000000 3657.212891 0.000000 0.373434 0.000000 0.927657 1.000000 1.000000 1.000000
4333.081543 0.000000 3590.545654 0.000000 0.281080 0.000000 0.959684 1.000000 1.000000 1.000000
4323.777832 0.000000 3585.510498 0.000000 0.966558 0.000000 0.256448 1.000000 1.000000 1.000000
4331.592773 0.000000 3589.522461 0.000000 0.598844 0.000000 0.800865 1.000000 1.000000 1.000000
4324.198242 0.000000 3587.226074 0.000000 0.574085 0.000000 0.818796 1.000000 1.000000 1.000000
4315.653809 0.000000 3691.110596 0.000000 0.995989 0.000000 0.089478 1.000000 1.000000 1.000000
4297.733398 0.000000 3698.903564 0.000000 0.374979 0.000000 0.927033 1.000000 1.000000 1.000000
4316.992676 0.000000 3689.031982 0.000000 0.344834 0.000000 0.938664 1.000000 1.000000 1.000000
4318.961914 0.000000 3693.602783 0.000000 0.988897 0.000000 0.148605 1.000000 1.000000 1.000000
4163.294922 0.000000 3838.498779 0.000000 0.627067 0.000000 0.778965 1.000000 1.000000 1.000000
4295.561035 0.000000 3712.431641 0.000000 0.796064 0.000000 0.605213 1.000000 1.000000 1.000000
4292.010254 0.000000 3714.876953 0.000000 0.305721 0.000000 0.952121 1.000000 1.000000 1.000000
4399.672363 0.000000 3646.962891 0.000000 0.657500 0.000000 0.753455 1.000000 1.000000 1.000000
4434.213867 0.000000 3625.483643 0.000000 0.772642 0.000000 0.634841 1.000000 1.000000 1.000000
4434.695312 0.000000 3628.689453 0.000000 0.776628 0.000000 0.629960 1.000000 1.000000 1.000000
4450.380371 0.000000 3616.295898 0.000000 0.135668 0.000000 0.990754 1.000000 1.000000 1.000000
4375.758301 0.000000 3657.032959 0.000000 0.179533 0.000000 0.983752 1.000000 1.000000 1.000000
4378.495117 0.000000 3651.656494 0.000000 0.201227 0.000000 0.979545 1.000000 1.000000 1.000000
4362.632324 0.000000 3654.507812 0.000000 0.928000 0.000000 0.372579 1.000000 1.000000 1.000000
4351.715332 0.000000 3664.033203 0.000000 0.568979 0.000000 0.822352 1.000000 1.000000 1.000000
4361.763672 0.000000 3659.049805 0.000000 0.762412 0.000000 0.647092 1.000000 1.000000 1.000000
4448.601074 0.000000 3705.515381 0.000000 0.617868 0.000000 0.786282 1.000000 1.000000 1.000000
4463.155273 0.000000 3700.340576 0.000000 0.926498 0.000000 0.376299 1.000000 1.000000 1.000000
4450.441895 0.000000 3714.799561 0.000000 0.999844 0.000000 0.017683 1.000000 1.000000 1.000000
4463.849121 0.000000 3730.411377 0.000000 0.688553 0.000000 0.725186 1.000000 1.000000 1.000000
4471.285645 0.000000 3724.785645 0.000000 0.596773 0.000000 0.802410 1.000000 1.000000 1.000000
4474.851074 0.000000 3726.832275 0.000000 0.172652 0.000000 0.984983 1.000000 1.000000 1.000000
4472.169922 0.000000 3726.998535 0.000000 0.825048 0.000000 0.565063 1.000000 1.000000 1.000000
4467.363770 0.000000 3727.622559 0.000000 0.993522 0.000000 0.113642 1.000000 1.000000 1.000000
4404.180176 0.000000 3835.159668 0.000000 0.135324 0.000000 0.990801 1.000000 1.000000 1.000000
4408.172363 0.000000 3824.926270 0.000000 0.691184 0.000000 0.722679 1.000000 1.000000 1.000000
4414.140137 0.000000 3835.557373 0.000000 0.892261 0.000000 0.451520 1.000000 1.000000 1.000000
4417.217773 0.000000 3838.139404 0.000000 0.141511 0.000000 0.989937 1.000000 1.000000 1.000000
4425.209961 0.000000 3790.167236 0.000000 0.843062 0.000000 0.537816 1.000000 1.000000 1.000000
4415.462891 0.000000 3833.467041 0.000000 0.348804 0.000000 0.937196 1.000000 1.000000 1.000000
4429.114746 0.000000 3808.677979 0.000000 0.996672 0.000000 0.081516 1.000000 1.000000 1.000000
4484.941895 0.000000 3729.416016 0.000000 0.478583 0.000000 0.878042 1.000000 1.000000 1.000000
4488.061035 0.000000 3734.402100 0.000000 0.864174 0.000000 0.503193 1.000000 1.000000 1.000000
4498.766113 0.000000 3738.537109 0.000000 0.189857 0.000000 0.981812 1.000000 1.000000 1.000000
4479.525391 0.000000 3720.342773 0.000000 0.999000 0.000000 0.044712 1.000000 1.000000 1.000000
4482.019043 0.000000 3714.012695 0.000000 0.399801 0.000000 0.916602 1.000000 1.000000 1.000000
4484.927734 0.000000 3724.379883 0.000000 0.236301 0.000000 0.971680 1.000000 1.000000 1.000000
4481.084961 0.000000 3714.886230 0.000000 0.363655 0.000000 0.931534 1.000000 1.000000 1.000000
4576.202637 0.000000 3819.907471 0.000000 0.531671 0.000000 0.846951 1.000000 1.000000 1.000000
4577.115234 0.000000 3817.706055 0.000000 0.632433 0.000000 0.774615 1.000000 1.000000 1.000000
4606.816895 0.000000 3827.284180 0.000000 0.488667 0.000000 0.872470 1.000000 1.000000 1.000000
4161.721680 0.000000 3840.092529 0.000000 0.382843 0.000000 0.923813 1.000000 1.000000 1.000000
4173.148926 0.000000 3854.667725 0.000000 0.643686 0.000000 0.765290 1.000000 1.000000 1.000000
4193.394043 0.000000 3869.873291 0.000000 0.877811 0.000000 0.479008 1.000000 1.000000 1.000000
4239.386719 0.000000 3887.138428 0.000000 0.815434 0.000000 0.578850 1.000000 1.000000 1.000000
4238.278809 0.000000 3884.020996 0.000000 0.444261 0.000000 0.895898 1.000000 1.000000 1.000000
4228.657715 0.000000 3895.979980 0.000000 0.964003 0.000000 0.265892 1.000000 1.000000 1.000000
4232.082031 0.000000 3890.491699 0.000000 0.474018 0.000000 0.880515 1.000000 1.000000 1.000000
4228.705078 0.000000 3894.000977 0.000000 0.990069 0.000000 0.140580 1.000000 1.000000 1.000000
4344.337402 0.000000 3893.922852 0.000000 0.276490 0.000000 0.961017 1.000000 1.000000 1.000000
4350.583984 0.000000 3892.893311 0.000000 0.659949 0.000000 0.751310 1.000000 1.000000 1.000000
4337.165039 0.000000 3967.690674 0.000000 0.807209 0.000000 0.590266 1.000000 1.000000 1.000000
4341.295898 0.000000 3972.340088 0.000000 0.129647 0.000000 0.991560 1.000000 1.000000 1.000000
4304.808594 0.000000 4041.305176 0.000000 0.441586 0.000000 0.897219 1.000000 1.000000 1.000000
4327.045410 0.000000 4059.076416 0.000000 0.998964 0.000000 0.045505 1.000000 1.000000 1.000000
4410.449219 0.000000 3849.615723 0.000000 0.531877 0.000000 0.846822 1.000000 1.000000 1.000000
4407.515625 0.000000 3841.623047 0.000000 0.826174 0.000000 0.563416 1.000000 1.000000 1.000000
4419.994629 0.000000 3842.845703 0.000000 0.511387 0.000000 0.859351 1.000000 1.000000 1.000000
4418.026855 0.000000 3841.981445 0.000000 0.275441 0.000000 0.961318 1.000000 1.000000 1.000000
4435.337402 0.000000 3924.525635 0.000000 0.978167 0.000000 0.207822 1.000000 1.000000 1.000000
4434.581055 0.000000 3922.394287 0.000000 0.526386 0.000000 0.850245 1.000000 1.000000 1.000000
4489.115234 0.000000 3843.042969 0.000000 0.967330 0.000000 0.253521 1.000000 1.000000 1.000000
4372.674805 0.000000 3972.898682 0.000000 0.993528 0.000000 0.113587 1.000000 1.000000 1.000000
4376.478516 0.000000 3970.816162 0.000000 0.997403 0.000000 0.072021 1.000000 1.000000 1.000000
4420.822266 0.000000 4055.342041 0.000000 0.663412 0.000000 0.748254 1.000000 1.000000 1.000000
4477.048340 0.000000 4064.097900 0.000000 0.980514 0.000000 0.196452 1.000000 1.000000 1.000000
4421.390625 0.000000 4061.752686 0.000000 0.511947 0.000000 0.859017 1.000000 1.000000 1.000000
4479.503418 0.000000 4058.999268 0.000000 0.804962 0.000000 0.593327 1.000000 1.000000 1.000000
4500.637207 0.000000 4073.371826 0.000000 0.417841 0.000000 0.908520 1.000000 1.000000 1.000000
4483.266113 0.000000 4073.791748 0.000000 0.724318 0.000000 0.689466 1.000000 1.000000 1.000000
4487.624512 0.000000 4076.026611 0.000000 0.805162 0.000000 0.593054 1.000000 1.000000 1.000000
4604.792480 0.000000 4038.039307 0.000000 0.227130 0.000000 0.973864 1.000000 1.000000 1.000000
4605.531250 0.000000 4036.692139 0.000000 0.621646 0.000000 0.783298 1.000000 1.000000 1.000000
4611.191406 0.000000 3824.416992 0.000000 0.422884 0.000000 0.906184 1.000000 1.000000 1.000000
4607.476562 0.000000 3828.354492 0.000000 0.399727 0.000000 0.916634 1.000000 1.000000 1.000000
4607.776367 0.000000 3824.295410 0.000000 0.251068 0.000000 0.967969 1.000000 1.000000 1.000000
4612.157227 0.000000 3826.819336 0.000000 0.030766 0.000000 0.999527 1.000000 1.000000 1.000000
4625.627441 0.000000 3939.248535 0.000000 0.419758 0.000000 0.907636 1.000000 1.000000 1.000000
4630.826172 0.000000 3941.341309 0.000000 0.633966 0.000000 0.773361 1.000000 1.000000 1.000000
4639.373535 0.000000 3922.309570 0.000000 0.635356 0.000000 0.772219 1.000000 1.000000 1.000000
4634.916992 0.000000 3922.506104 0.000000 0.996708 0.000000 0.081072 1.000000 1.000000 1.000000
4634.783203 0.000000 4027.928467 0.000000 0.942196 0.000000 0.335062 1.000000 1.000000 1.000000
4633.933594 0.000000 4025.134277 0.000000 0.443575 0.000000 0.896237 1.000000 1.000000 1.000000
4616.371094 0.000000 4027.538330 0.000000 0.976070 0.000000 0.217457 1.000000 1.000000 1.000000
4618.881348 0.000000 4030.051758 0.000000 0.423737 0.000000 0.905786 1.000000 1.000000 1.000000
4638.149414 0.000000 4044.836914 0.000000 0.154124 0.000000 0.988051 1.000000 1.000000 1.000000
4628.643555 0.000000 4036.883057 0.000000 0.971903 0.000000 0.235380 1.000000 1.000000 1.000000
4634.000977 0.000000 4040.626709 0.000000 0.359570 0.000000 0.933118 1.000000 1.000000 1.000000
4634.968262 0.000000 4033.492676 0.000000 0.958277 0.000000 0.285840 1.000000 1.000000 1.000000
4637.894531 0.000000 4037.717285 0.000000 0.415810 0.000000 0.909451 1.000000 1.000000 1.000000
4609.363770 0.000000 4038.386230 0.000000 0.330459 0.000000 0.943820 1.000000 1.000000 1.000000
4609.666992 0.000000 4032.045654 0.000000 0.442563 0.000000 0.896738 1.000000 1.000000 1.000000
4624.335449 0.000000 4036.609131 0.000000 0.290640 0.000000 0.956833 1.000000 1.000000 1.000000
4640.604492 0.000000 4038.831055 0.000000 0.660231 0.000000 0.751063 1.000000 1.000000 1.000000
4616.658203 0.000000 4031.157227 0.000000 0.992577 0.000000 0.121616 1.000000 1.000000 1.000000
4618.707520 0.000000 4035.279541 0.000000 0.017551 0.000000 0.999846 1.000000 1.000000 1.000000
4614.586426 0.000000 4031.046387 0.000000 0.087355 0.000000 0.996177 1.000000 1.000000 1.000000
"}
object={
	name="tree_cypress_01_generator_1_1"
	render_pass=Map
	clamp_to_water_level=no
	generated_content=yes
	layer="tree_high_layer"
	pdxmesh="tree_cypress_01_b_mesh"
	count=102
	transform="3232.146484 0.000000 3186.522949 0.000000 0.851893 0.000000 -0.523717 1.000000 1.000000 1.000000
3231.326172 0.000000 3185.126465 0.000000 0.848038 0.000000 -0.529935 1.000000 1.000000 1.000000
3243.371582 0.000000 3181.769043 0.000000 0.740562 0.000000 -0.671988 1.000000 1.000000 1.000000
3238.238525 0.000000 3178.083252 0.000000 0.807596 0.000000 -0.589737 1.000000 1.000000 1.000000
3235.690674 0.000000 3180.388916 0.000000 0.875934 0.000000 -0.482431 1.000000 1.000000 1.000000
3826.407715 0.000000 3439.420654 0.000000 0.974098 0.000000 -0.226124 1.000000 1.000000 1.000000
3823.347656 0.000000 3437.147217 0.000000 0.980206 0.000000 -0.197979 1.000000 1.000000 1.000000
3832.751709 0.000000 3800.343018 0.000000 0.906307 0.000000 -0.422621 1.000000 1.000000 1.000000
3832.682129 0.000000 3812.339600 0.000000 0.618279 0.000000 -0.785958 1.000000 1.000000 1.000000
3822.801758 0.000000 3825.541016 0.000000 0.791560 0.000000 -0.611091 1.000000 1.000000 1.000000
3837.416504 0.000000 3820.550781 0.000000 0.642371 0.000000 -0.766394 1.000000 1.000000 1.000000
3779.406250 0.000000 3782.743652 0.000000 0.791751 0.000000 -0.610844 1.000000 1.000000 1.000000
3835.823486 0.000000 3792.103027 0.000000 0.846201 0.000000 -0.532864 1.000000 1.000000 1.000000
3839.740234 0.000000 3816.351807 0.000000 0.991547 0.000000 -0.129747 1.000000 1.000000 1.000000
3802.102295 0.000000 3912.657959 0.000000 0.691038 0.000000 -0.722819 1.000000 1.000000 1.000000
3808.843750 0.000000 3915.125977 0.000000 0.913837 0.000000 -0.406082 1.000000 1.000000 1.000000
3801.259033 0.000000 3923.285889 0.000000 0.961896 0.000000 -0.273415 1.000000 1.000000 1.000000
3835.861572 0.000000 3934.361084 0.000000 0.727171 0.000000 -0.686456 1.000000 1.000000 1.000000
3838.024902 0.000000 3941.068115 0.000000 0.980269 0.000000 -0.197667 1.000000 1.000000 1.000000
3838.625732 0.000000 4016.037598 0.000000 0.861391 0.000000 -0.507943 1.000000 1.000000 1.000000
3836.337646 0.000000 4008.707764 0.000000 0.987905 0.000000 -0.155062 1.000000 1.000000 1.000000
3849.926758 0.000000 3938.510742 0.000000 0.989171 0.000000 -0.146770 1.000000 1.000000 1.000000
3844.940186 0.000000 4017.324463 0.000000 0.999919 0.000000 -0.012716 1.000000 1.000000 1.000000
3854.656006 0.000000 4002.004639 0.000000 0.642926 0.000000 -0.765928 1.000000 1.000000 1.000000
4147.370605 0.000000 3496.862793 0.000000 0.999030 0.000000 -0.044040 1.000000 1.000000 1.000000
4134.428711 0.000000 3499.339600 0.000000 0.649890 0.000000 -0.760028 1.000000 1.000000 1.000000
4161.126953 0.000000 3508.875977 0.000000 0.999048 0.000000 -0.043613 1.000000 1.000000 1.000000
4175.701172 0.000000 3510.992432 0.000000 0.996233 0.000000 -0.086719 1.000000 1.000000 1.000000
4180.676270 0.000000 3561.496826 0.000000 0.988729 0.000000 -0.149713 1.000000 1.000000 1.000000
4301.284180 0.000000 3550.659424 0.000000 0.773362 0.000000 -0.633965 1.000000 1.000000 1.000000
4304.782715 0.000000 3547.610352 0.000000 0.644591 0.000000 -0.764528 1.000000 1.000000 1.000000
4306.895508 0.000000 3519.611816 0.000000 0.919931 0.000000 -0.392080 1.000000 1.000000 1.000000
4392.132324 0.000000 3526.749756 0.000000 0.994426 0.000000 -0.105433 1.000000 1.000000 1.000000
4417.751465 0.000000 3551.067627 0.000000 0.832342 0.000000 -0.554262 1.000000 1.000000 1.000000
4193.743652 0.000000 3644.278076 0.000000 0.894368 0.000000 -0.447333 1.000000 1.000000 1.000000
4165.793457 0.000000 3631.504395 0.000000 0.951150 0.000000 -0.308730 1.000000 1.000000 1.000000
4163.196289 0.000000 3607.900635 0.000000 0.937828 0.000000 -0.347101 1.000000 1.000000 1.000000
4325.041504 0.000000 3590.770996 0.000000 0.967971 0.000000 -0.251063 1.000000 1.000000 1.000000
4309.695312 0.000000 3683.377441 0.000000 0.889195 0.000000 -0.457528 1.000000 1.000000 1.000000
4298.360352 0.000000 3704.181396 0.000000 0.913617 0.000000 -0.406577 1.000000 1.000000 1.000000
4308.660645 0.000000 3689.465576 0.000000 0.995947 0.000000 -0.089946 1.000000 1.000000 1.000000
4311.764648 0.000000 3692.494873 0.000000 0.654064 0.000000 -0.756440 1.000000 1.000000 1.000000
4320.233887 0.000000 3691.938721 0.000000 0.836360 0.000000 -0.548181 1.000000 1.000000 1.000000
4343.978516 0.000000 3669.298096 0.000000 0.894128 0.000000 -0.447811 1.000000 1.000000 1.000000
4341.591797 0.000000 3669.156250 0.000000 0.946361 0.000000 -0.323111 1.000000 1.000000 1.000000
4349.733887 0.000000 3669.585693 0.000000 0.968024 0.000000 -0.250858 1.000000 1.000000 1.000000
4161.249023 0.000000 3838.139404 0.000000 0.626035 0.000000 -0.779795 1.000000 1.000000 1.000000
4420.373047 0.000000 3636.545898 0.000000 0.988874 0.000000 -0.148756 1.000000 1.000000 1.000000
4446.459961 0.000000 3616.674561 0.000000 0.825832 0.000000 -0.563916 1.000000 1.000000 1.000000
4431.363281 0.000000 3631.200928 0.000000 0.972425 0.000000 -0.233218 1.000000 1.000000 1.000000
4366.208496 0.000000 3658.274414 0.000000 0.979208 0.000000 -0.202858 1.000000 1.000000 1.000000
4356.957520 0.000000 3665.431641 0.000000 0.696652 0.000000 -0.717409 1.000000 1.000000 1.000000
4400.696777 0.000000 3649.715332 0.000000 0.997312 0.000000 -0.073270 1.000000 1.000000 1.000000
4393.551270 0.000000 3653.509277 0.000000 0.592227 0.000000 -0.805771 1.000000 1.000000 1.000000
4454.424316 0.000000 3706.827881 0.000000 0.739758 0.000000 -0.672874 1.000000 1.000000 1.000000
4456.465332 0.000000 3700.422119 0.000000 0.999595 0.000000 -0.028456 1.000000 1.000000 1.000000
4446.962891 0.000000 3719.685791 0.000000 0.701886 0.000000 -0.712289 1.000000 1.000000 1.000000
4476.075195 0.000000 3723.537842 0.000000 0.879612 0.000000 -0.475692 1.000000 1.000000 1.000000
4475.988770 0.000000 3729.735352 0.000000 0.751341 0.000000 -0.659914 1.000000 1.000000 1.000000
4472.808105 0.000000 3711.164307 0.000000 0.834644 0.000000 -0.550790 1.000000 1.000000 1.000000
4465.649414 0.000000 3731.923340 0.000000 0.642886 0.000000 -0.765962 1.000000 1.000000 1.000000
4446.277832 0.000000 3711.166260 0.000000 0.999171 0.000000 -0.040702 1.000000 1.000000 1.000000
4412.347656 0.000000 3828.540283 0.000000 0.957531 0.000000 -0.288331 1.000000 1.000000 1.000000
4401.294434 0.000000 3832.017578 0.000000 0.891197 0.000000 -0.453616 1.000000 1.000000 1.000000
4411.267090 0.000000 3838.243652 0.000000 0.999938 0.000000 -0.011092 1.000000 1.000000 1.000000
4425.717773 0.000000 3826.872314 0.000000 0.786029 0.000000 -0.618190 1.000000 1.000000 1.000000
4433.310547 0.000000 3807.114258 0.000000 0.997481 0.000000 -0.070928 1.000000 1.000000 1.000000
4429.966309 0.000000 3803.716797 0.000000 0.859355 0.000000 -0.511380 1.000000 1.000000 1.000000
4492.632812 0.000000 3738.159668 0.000000 0.853987 0.000000 -0.520295 1.000000 1.000000 1.000000
4502.841797 0.000000 3749.388184 0.000000 0.999987 0.000000 -0.005111 1.000000 1.000000 1.000000
4483.950195 0.000000 3720.752197 0.000000 0.831074 0.000000 -0.556163 1.000000 1.000000 1.000000
4494.146973 0.000000 3733.686768 0.000000 0.759676 0.000000 -0.650302 1.000000 1.000000 1.000000
4510.491699 0.000000 3748.814941 0.000000 0.970365 0.000000 -0.241643 1.000000 1.000000 1.000000
4500.862793 0.000000 3749.705322 0.000000 0.874504 0.000000 -0.485019 1.000000 1.000000 1.000000
4173.410645 0.000000 3856.647217 0.000000 0.980219 0.000000 -0.197915 1.000000 1.000000 1.000000
4165.495605 0.000000 3841.295410 0.000000 0.978387 0.000000 -0.206780 1.000000 1.000000 1.000000
4236.946777 0.000000 3880.129883 0.000000 0.796063 0.000000 -0.605214 1.000000 1.000000 1.000000
4237.466797 0.000000 3876.218018 0.000000 0.999868 0.000000 -0.016246 1.000000 1.000000 1.000000
4234.238281 0.000000 3885.924316 0.000000 0.763893 0.000000 -0.645343 1.000000 1.000000 1.000000
4336.096680 0.000000 3881.079102 0.000000 0.709508 0.000000 -0.704697 1.000000 1.000000 1.000000
4335.179199 0.000000 3970.936279 0.000000 0.856626 0.000000 -0.515938 1.000000 1.000000 1.000000
4324.868164 0.000000 4057.554443 0.000000 0.952437 0.000000 -0.304735 1.000000 1.000000 1.000000
4409.892090 0.000000 3843.359619 0.000000 0.822887 0.000000 -0.568206 1.000000 1.000000 1.000000
4422.760254 0.000000 3845.610840 0.000000 0.987715 0.000000 -0.156267 1.000000 1.000000 1.000000
4425.815918 0.000000 3844.582520 0.000000 0.670302 0.000000 -0.742089 1.000000 1.000000 1.000000
4482.226074 0.000000 3857.200195 0.000000 0.780305 0.000000 -0.625399 1.000000 1.000000 1.000000
4374.529785 0.000000 3969.746338 0.000000 0.916425 0.000000 -0.400206 1.000000 1.000000 1.000000
4378.999512 0.000000 3969.508301 0.000000 0.658538 0.000000 -0.752548 1.000000 1.000000 1.000000
4603.622070 0.000000 4035.727051 0.000000 0.979653 0.000000 -0.200697 1.000000 1.000000 1.000000
4611.250488 0.000000 3817.854248 0.000000 0.999994 0.000000 -0.003321 1.000000 1.000000 1.000000
4619.463867 0.000000 4017.597656 0.000000 0.821575 0.000000 -0.570101 1.000000 1.000000 1.000000
4623.646484 0.000000 4022.867432 0.000000 0.971399 0.000000 -0.237454 1.000000 1.000000 1.000000
4614.663574 0.000000 4026.341553 0.000000 0.824185 0.000000 -0.566321 1.000000 1.000000 1.000000
4639.791504 0.000000 4028.930176 0.000000 0.999974 0.000000 -0.007165 1.000000 1.000000 1.000000
4625.036133 0.000000 4030.298096 0.000000 0.985077 0.000000 -0.172114 1.000000 1.000000 1.000000
4631.287109 0.000000 4031.172119 0.000000 0.999997 0.000000 -0.002336 1.000000 1.000000 1.000000
4639.803223 0.000000 4034.868408 0.000000 0.997966 0.000000 -0.063751 1.000000 1.000000 1.000000
4641.047363 0.000000 4031.537354 0.000000 0.994288 0.000000 -0.106730 1.000000 1.000000 1.000000
4618.095703 0.000000 4047.659912 0.000000 0.981873 0.000000 -0.189542 1.000000 1.000000 1.000000
4623.130859 0.000000 4031.483398 0.000000 0.982731 0.000000 -0.185041 1.000000 1.000000 1.000000
4710.325684 0.000000 4060.499756 0.000000 0.815086 0.000000 -0.579340 1.000000 1.000000 1.000000
4724.853027 0.000000 4057.791992 0.000000 0.693834 0.000000 -0.720135 1.000000 1.000000 1.000000
"}
object={
	name="tree_cypress_01_generator_1_2"
	render_pass=Map
	clamp_to_water_level=no
	generated_content=yes
	layer="tree_high_layer"
	pdxmesh="tree_cypress_01_c_mesh"
	count=67
	transform="3244.475098 0.000000 3179.671143 0.000000 0.319676 0.000000 -0.947527 1.000000 1.000000 1.000000
3239.618408 0.000000 3178.370117 0.000000 0.036468 0.000000 -0.999335 1.000000 1.000000 1.000000
3875.071533 0.000000 3550.384277 0.000000 0.028500 0.000000 -0.999594 1.000000 1.000000 1.000000
3870.314209 0.000000 3577.194092 0.000000 0.235265 0.000000 -0.971931 1.000000 1.000000 1.000000
3872.691406 0.000000 3575.583496 0.000000 0.368083 0.000000 -0.929793 1.000000 1.000000 1.000000
3823.347656 0.000000 3821.053467 0.000000 0.568317 0.000000 -0.822810 1.000000 1.000000 1.000000
3833.218506 0.000000 3820.607666 0.000000 0.265869 0.000000 -0.964009 1.000000 1.000000 1.000000
3777.768311 0.000000 3776.108154 0.000000 0.279007 0.000000 -0.960289 1.000000 1.000000 1.000000
3832.690918 0.000000 3795.000244 0.000000 0.386725 0.000000 -0.922195 1.000000 1.000000 1.000000
3874.937256 0.000000 3588.824219 0.000000 0.355615 0.000000 -0.934633 1.000000 1.000000 1.000000
3869.731934 0.000000 3642.585449 0.000000 0.141374 0.000000 -0.989956 1.000000 1.000000 1.000000
3812.277588 0.000000 3912.397461 0.000000 0.572205 0.000000 -0.820110 1.000000 1.000000 1.000000
3838.646240 0.000000 4020.862061 0.000000 0.117456 0.000000 -0.993078 1.000000 1.000000 1.000000
3837.416504 0.000000 4012.503906 0.000000 0.393015 0.000000 -0.919532 1.000000 1.000000 1.000000
3845.826660 0.000000 3936.611816 0.000000 0.082146 0.000000 -0.996620 1.000000 1.000000 1.000000
3856.900635 0.000000 4001.295898 0.000000 0.000906 0.000000 -1.000000 1.000000 1.000000 1.000000
4146.748535 0.000000 3498.768799 0.000000 0.351528 0.000000 -0.936177 1.000000 1.000000 1.000000
4158.729980 0.000000 3550.736572 0.000000 0.365707 0.000000 -0.930730 1.000000 1.000000 1.000000
4213.825684 0.000000 3528.162842 0.000000 0.531234 0.000000 -0.847225 1.000000 1.000000 1.000000
4167.273438 0.000000 3551.259277 0.000000 0.255691 0.000000 -0.966758 1.000000 1.000000 1.000000
4299.048828 0.000000 3510.085938 0.000000 0.283782 0.000000 -0.958889 1.000000 1.000000 1.000000
4295.561035 0.000000 3520.478516 0.000000 0.492921 0.000000 -0.870074 1.000000 1.000000 1.000000
4297.872070 0.000000 3554.604492 0.000000 0.312741 0.000000 -0.949839 1.000000 1.000000 1.000000
4299.756348 0.000000 3522.182373 0.000000 0.147694 0.000000 -0.989033 1.000000 1.000000 1.000000
4306.596680 0.000000 3538.488037 0.000000 0.283805 0.000000 -0.958882 1.000000 1.000000 1.000000
4308.027344 0.000000 3532.807617 0.000000 0.153134 0.000000 -0.988205 1.000000 1.000000 1.000000
4409.826660 0.000000 3542.081299 0.000000 0.318108 0.000000 -0.948054 1.000000 1.000000 1.000000
4159.529297 0.000000 3619.771729 0.000000 0.032281 0.000000 -0.999479 1.000000 1.000000 1.000000
4161.533691 0.000000 3616.491455 0.000000 0.561657 0.000000 -0.827371 1.000000 1.000000 1.000000
4182.553223 0.000000 3649.824463 0.000000 0.334083 0.000000 -0.942544 1.000000 1.000000 1.000000
4320.052734 0.000000 3584.930420 0.000000 0.298119 0.000000 -0.954529 1.000000 1.000000 1.000000
4326.405273 0.000000 3691.292725 0.000000 0.380250 0.000000 -0.924884 1.000000 1.000000 1.000000
4310.865234 0.000000 3685.403809 0.000000 0.446978 0.000000 -0.894545 1.000000 1.000000 1.000000
4296.055664 0.000000 3710.207764 0.000000 0.365459 0.000000 -0.930828 1.000000 1.000000 1.000000
4340.292480 0.000000 3658.037109 0.000000 0.336638 0.000000 -0.941634 1.000000 1.000000 1.000000
4340.912109 0.000000 3667.395752 0.000000 0.366871 0.000000 -0.930272 1.000000 1.000000 1.000000
4377.064453 0.000000 3654.423340 0.000000 0.168745 0.000000 -0.985660 1.000000 1.000000 1.000000
4376.478516 0.000000 3650.894287 0.000000 0.464349 0.000000 -0.885652 1.000000 1.000000 1.000000
4365.486816 0.000000 3654.322021 0.000000 0.113481 0.000000 -0.993540 1.000000 1.000000 1.000000
4362.741211 0.000000 3657.083008 0.000000 0.319041 0.000000 -0.947741 1.000000 1.000000 1.000000
4458.772461 0.000000 3707.596924 0.000000 0.400740 0.000000 -0.916192 1.000000 1.000000 1.000000
4450.914551 0.000000 3710.355469 0.000000 0.242329 0.000000 -0.970194 1.000000 1.000000 1.000000
4471.440430 0.000000 3729.509766 0.000000 0.531078 0.000000 -0.847323 1.000000 1.000000 1.000000
4410.227051 0.000000 3827.998779 0.000000 0.105949 0.000000 -0.994372 1.000000 1.000000 1.000000
4409.866211 0.000000 3835.579590 0.000000 0.434017 0.000000 -0.900904 1.000000 1.000000 1.000000
4422.972168 0.000000 3784.550781 0.000000 0.277963 0.000000 -0.960592 1.000000 1.000000 1.000000
4479.524902 0.000000 3729.671143 0.000000 0.206264 0.000000 -0.978496 1.000000 1.000000 1.000000
4496.822754 0.000000 3745.358398 0.000000 0.556754 0.000000 -0.830677 1.000000 1.000000 1.000000
4485.456543 0.000000 3713.326660 0.000000 0.285821 0.000000 -0.958283 1.000000 1.000000 1.000000
4604.668457 0.000000 3832.867188 0.000000 0.475261 0.000000 -0.879845 1.000000 1.000000 1.000000
4342.621094 0.000000 3885.090332 0.000000 0.520360 0.000000 -0.853947 1.000000 1.000000 1.000000
4351.108887 0.000000 3897.581055 0.000000 0.018300 0.000000 -0.999833 1.000000 1.000000 1.000000
4338.696289 0.000000 3972.777100 0.000000 0.546469 0.000000 -0.837480 1.000000 1.000000 1.000000
4299.756348 0.000000 4034.057373 0.000000 0.464422 0.000000 -0.885614 1.000000 1.000000 1.000000
4408.815918 0.000000 3839.133057 0.000000 0.279232 0.000000 -0.960224 1.000000 1.000000 1.000000
4425.334961 0.000000 3841.066895 0.000000 0.507567 0.000000 -0.861612 1.000000 1.000000 1.000000
4371.579102 0.000000 3974.309814 0.000000 0.445227 0.000000 -0.895418 1.000000 1.000000 1.000000
4484.426758 0.000000 4074.093506 0.000000 0.532249 0.000000 -0.846588 1.000000 1.000000 1.000000
4485.230469 0.000000 4075.106201 0.000000 0.173000 0.000000 -0.984922 1.000000 1.000000 1.000000
4607.646484 0.000000 3816.351807 0.000000 0.156408 0.000000 -0.987693 1.000000 1.000000 1.000000
4618.321289 0.000000 4024.103271 0.000000 0.183204 0.000000 -0.983075 1.000000 1.000000 1.000000
4619.725586 0.000000 4028.578125 0.000000 0.518169 0.000000 -0.855278 1.000000 1.000000 1.000000
4613.185547 0.000000 4013.361572 0.000000 0.251085 0.000000 -0.967965 1.000000 1.000000 1.000000
4609.276855 0.000000 4028.381104 0.000000 0.182229 0.000000 -0.983256 1.000000 1.000000 1.000000
4609.644531 0.000000 4022.253418 0.000000 0.381320 0.000000 -0.924443 1.000000 1.000000 1.000000
4614.948730 0.000000 4040.488281 0.000000 0.257655 0.000000 -0.966237 1.000000 1.000000 1.000000
4713.133301 0.000000 4056.942139 0.000000 0.451403 0.000000 -0.892320 1.000000 1.000000 1.000000
"}
