object={
	name="tree_leaf_high_generator_2_0"
	render_pass=Map
	clamp_to_water_level=no
	generated_content=yes
	layer="tree_high_layer"
	pdxmesh="tree_leaf_01_b_mesh"
	count=310
	transform="3031.114502 0.000000 1988.818604 0.000000 0.981851 0.000000 -0.189652 0.402096 0.402096 0.402096
3027.996582 0.000000 1987.146240 0.000000 0.545777 0.000000 0.837930 0.372221 0.372221 0.372221
3232.695801 0.000000 3167.493652 0.000000 0.663818 0.000000 0.747894 0.385235 0.385235 0.385235
3235.623291 0.000000 3172.375000 0.000000 0.193717 0.000000 -0.981057 0.421296 0.421296 0.421296
3229.705078 0.000000 3174.806885 0.000000 0.073314 0.000000 -0.997309 0.439627 0.439627 0.439627
3244.996582 0.000000 3181.628418 0.000000 0.999913 0.000000 0.013218 0.399571 0.399571 0.399571
3224.439209 0.000000 3168.905518 0.000000 0.841813 0.000000 -0.539769 0.417651 0.417651 0.417651
3233.657227 0.000000 3170.252930 0.000000 0.999878 0.000000 -0.015646 0.400523 0.400523 0.400523
3236.071289 0.000000 3174.980713 0.000000 0.597767 0.000000 0.801670 0.352631 0.352631 0.352631
3233.159912 0.000000 3184.814697 0.000000 0.787590 0.000000 0.616199 0.363204 0.363204 0.363204
3245.679932 0.000000 3176.121338 0.000000 0.262388 0.000000 0.964962 0.329611 0.329611 0.329611
3229.125244 0.000000 3177.156982 0.000000 0.359213 0.000000 -0.933256 0.461888 0.461888 0.461888
3238.538086 0.000000 3179.417725 0.000000 0.765544 0.000000 -0.643383 0.447809 0.447809 0.447809
3241.254639 0.000000 3176.298584 0.000000 0.798883 0.000000 -0.601486 0.439635 0.439635 0.439635
3231.094482 0.000000 3181.727783 0.000000 0.503968 0.000000 0.863722 0.335968 0.335968 0.335968
3245.197998 0.000000 3173.924072 0.000000 0.468010 0.000000 -0.883723 0.469265 0.469265 0.469265
3239.098633 0.000000 3177.019287 0.000000 0.207073 0.000000 0.978326 0.300696 0.300696 0.300696
3911.780518 0.000000 3498.648682 0.000000 0.962334 0.000000 -0.271872 0.401925 0.401925 0.401925
3908.776367 0.000000 3493.188477 0.000000 0.130415 0.000000 -0.991460 0.415099 0.415099 0.415099
3908.792236 0.000000 3496.830566 0.000000 0.935562 0.000000 0.353162 0.389367 0.389367 0.389367
3870.257812 0.000000 3563.334717 0.000000 0.542150 0.000000 -0.840282 0.416939 0.416939 0.416939
3876.813721 0.000000 3561.419922 0.000000 0.863054 0.000000 -0.505113 0.413484 0.413484 0.413484
3874.438965 0.000000 3574.837402 0.000000 0.839249 0.000000 0.543748 0.385647 0.385647 0.385647
3871.734863 0.000000 3582.889893 0.000000 0.997226 0.000000 -0.074436 0.401972 0.401972 0.401972
3875.683350 0.000000 3568.114990 0.000000 0.336055 0.000000 0.941842 0.355851 0.355851 0.355851
3870.391846 0.000000 3580.110352 0.000000 0.921654 0.000000 0.388012 0.389256 0.389256 0.389256
3872.671143 0.000000 3577.546631 0.000000 0.815594 0.000000 -0.578624 0.420950 0.420950 0.420950
3774.732910 0.000000 3781.980957 0.000000 0.395235 0.000000 -0.918580 0.430816 0.430816 0.430816
3829.651855 0.000000 3790.859131 0.000000 0.127246 0.000000 -0.991871 0.423059 0.423059 0.423059
3825.440430 0.000000 3807.764160 0.000000 0.948182 0.000000 -0.317727 0.405812 0.405812 0.405812
3781.527100 0.000000 3786.250244 0.000000 0.834857 0.000000 -0.550467 0.413971 0.413971 0.413971
3838.198242 0.000000 3799.393799 0.000000 0.380089 0.000000 -0.924950 0.433020 0.433020 0.433020
3775.563965 0.000000 3781.761963 0.000000 0.916395 0.000000 -0.400274 0.410898 0.410898 0.410898
3778.884521 0.000000 3788.140869 0.000000 0.541508 0.000000 -0.840695 0.429417 0.429417 0.429417
3828.455566 0.000000 3808.891113 0.000000 0.394818 0.000000 -0.918759 0.429665 0.429665 0.429665
3776.071045 0.000000 3775.228027 0.000000 0.996246 0.000000 0.086564 0.397447 0.397447 0.397447
3820.926270 0.000000 3821.472168 0.000000 0.337060 0.000000 0.941483 0.358952 0.358952 0.358952
3834.686523 0.000000 3825.804443 0.000000 0.114237 0.000000 0.993454 0.347645 0.347645 0.347645
3834.402832 0.000000 3795.422363 0.000000 0.750129 0.000000 -0.661292 0.453033 0.453033 0.453033
3869.035889 0.000000 3584.848633 0.000000 0.171118 0.000000 0.985250 0.389523 0.389523 0.389523
3864.727539 0.000000 3643.209717 0.000000 0.999861 0.000000 -0.016686 0.400258 0.400258 0.400258
3872.106934 0.000000 3584.930420 0.000000 0.043249 0.000000 0.999064 0.351186 0.351186 0.351186
3801.728516 0.000000 3930.886230 0.000000 0.993120 0.000000 -0.117100 0.401582 0.401582 0.401582
3808.234375 0.000000 3909.092041 0.000000 0.731245 0.000000 0.682115 0.390255 0.390255 0.390255
3814.025635 0.000000 3923.720459 0.000000 0.354542 0.000000 -0.935040 0.421117 0.421117 0.421117
3837.554932 0.000000 3932.948242 0.000000 0.531700 0.000000 0.846933 0.379320 0.379320 0.379320
3831.316895 0.000000 3938.338135 0.000000 0.022172 0.000000 -0.999754 0.434796 0.434796 0.434796
3802.867920 0.000000 3914.939453 0.000000 0.950263 0.000000 0.311448 0.391619 0.391619 0.391619
3814.413330 0.000000 3911.907227 0.000000 0.462483 0.000000 -0.886628 0.431566 0.431566 0.431566
3819.248535 0.000000 3921.723877 0.000000 0.424520 0.000000 -0.905419 0.435620 0.435620 0.435620
3813.128662 0.000000 3916.779297 0.000000 0.998623 0.000000 0.052456 0.398113 0.398113 0.398113
3810.737305 0.000000 3910.933105 0.000000 0.331198 0.000000 0.943561 0.359360 0.359360 0.359360
3837.126465 0.000000 3936.129150 0.000000 0.646881 0.000000 0.762591 0.374450 0.374450 0.374450
3798.527100 0.000000 3923.084473 0.000000 0.928662 0.000000 0.370928 0.388995 0.388995 0.388995
3800.058594 0.000000 3928.360840 0.000000 0.352677 0.000000 0.935745 0.366761 0.366761 0.366761
3808.130859 0.000000 3926.927490 0.000000 0.930593 0.000000 -0.366057 0.410853 0.410853 0.410853
3796.916748 0.000000 3914.672607 0.000000 0.051858 0.000000 0.998654 0.346911 0.346911 0.346911
3797.784424 0.000000 3926.248535 0.000000 0.965371 0.000000 0.260881 0.390116 0.390116 0.390116
3797.867432 0.000000 3910.970703 0.000000 0.751114 0.000000 -0.660172 0.425922 0.425922 0.425922
3827.409912 0.000000 4008.737793 0.000000 0.669193 0.000000 0.743088 0.386616 0.386616 0.386616
3831.316895 0.000000 4002.322510 0.000000 0.942574 0.000000 -0.333998 0.407482 0.407482 0.407482
3836.430908 0.000000 4015.354980 0.000000 0.624986 0.000000 -0.780636 0.424150 0.424150 0.424150
3829.173828 0.000000 4006.283936 0.000000 0.835513 0.000000 -0.549471 0.417137 0.417137 0.417137
3834.686523 0.000000 4017.757568 0.000000 0.921624 0.000000 -0.388084 0.412736 0.412736 0.412736
3836.762207 0.000000 4024.820312 0.000000 0.247119 0.000000 -0.968985 0.456069 0.456069 0.456069
3855.313721 0.000000 3939.945312 0.000000 0.894836 0.000000 -0.446396 0.411783 0.411783 0.411783
3851.314697 0.000000 3936.214355 0.000000 0.591808 0.000000 0.806079 0.378467 0.378467 0.378467
3865.720703 0.000000 3994.870605 0.000000 0.014116 0.000000 0.999900 0.372796 0.372796 0.372796
3839.565430 0.000000 4005.832520 0.000000 0.863386 0.000000 -0.504544 0.407658 0.407658 0.407658
3867.100098 0.000000 3999.281494 0.000000 0.937840 0.000000 -0.347067 0.406548 0.406548 0.406548
3864.816650 0.000000 3984.983643 0.000000 0.968064 0.000000 0.250702 0.394939 0.394939 0.394939
3851.314697 0.000000 4000.198730 0.000000 0.037850 0.000000 0.999283 0.364026 0.364026 0.364026
3844.800049 0.000000 4008.705566 0.000000 0.496102 0.000000 0.868264 0.372169 0.372169 0.372169
3847.968994 0.000000 4006.956787 0.000000 0.994672 0.000000 0.103091 0.397886 0.397886 0.397886
3847.114258 0.000000 4013.679688 0.000000 0.149931 0.000000 0.988697 0.358159 0.358159 0.358159
3861.749756 0.000000 4003.299316 0.000000 0.530764 0.000000 -0.847520 0.429287 0.429287 0.429287
3853.559082 0.000000 4010.412598 0.000000 0.264974 0.000000 0.964256 0.363577 0.363577 0.363577
3864.361084 0.000000 4000.702393 0.000000 0.994813 0.000000 0.101717 0.396642 0.396642 0.396642
3850.677246 0.000000 4015.531250 0.000000 0.354621 0.000000 -0.935010 0.439818 0.439818 0.439818
3868.239014 0.000000 3993.332275 0.000000 0.966384 0.000000 -0.257105 0.408439 0.408439 0.408439
3857.720703 0.000000 4003.232910 0.000000 0.954239 0.000000 0.299045 0.383472 0.383472 0.383472
4151.788086 0.000000 3498.914307 0.000000 0.882538 0.000000 0.470241 0.391933 0.391933 0.391933
4140.887207 0.000000 3501.550293 0.000000 0.620634 0.000000 -0.784101 0.425650 0.425650 0.425650
4137.917480 0.000000 3492.490234 0.000000 0.983382 0.000000 -0.181550 0.405834 0.405834 0.405834
4172.000977 0.000000 3508.045654 0.000000 0.693214 0.000000 -0.720731 0.420496 0.420496 0.420496
4210.345703 0.000000 3519.131348 0.000000 0.979763 0.000000 0.200161 0.394466 0.394466 0.394466
4174.951660 0.000000 3509.274902 0.000000 0.237020 0.000000 0.971505 0.357451 0.357451 0.357451
4149.019531 0.000000 3549.363525 0.000000 0.021204 0.000000 0.999775 0.389942 0.389942 0.389942
4157.087402 0.000000 3552.222900 0.000000 0.403451 0.000000 -0.915001 0.430002 0.430002 0.430002
4153.223145 0.000000 3548.313965 0.000000 0.976474 0.000000 0.215634 0.393272 0.393272 0.393272
4151.025391 0.000000 3551.546143 0.000000 0.909633 0.000000 -0.415414 0.417754 0.417754 0.417754
4175.274902 0.000000 3556.039062 0.000000 0.900925 0.000000 0.433974 0.388345 0.388345 0.388345
4159.567383 0.000000 3550.216064 0.000000 0.554459 0.000000 -0.832211 0.429452 0.429452 0.429452
4211.433105 0.000000 3519.577393 0.000000 0.044767 0.000000 -0.998997 0.441907 0.441907 0.441907
4169.291992 0.000000 3550.554688 0.000000 0.738365 0.000000 -0.674401 0.428457 0.428457 0.428457
4301.098145 0.000000 3515.176270 0.000000 0.019810 0.000000 0.999804 0.358181 0.358181 0.358181
4302.936035 0.000000 3509.274902 0.000000 0.750879 0.000000 -0.660440 0.424854 0.424854 0.424854
4306.950195 0.000000 3517.001953 0.000000 0.224141 0.000000 -0.974557 0.444986 0.444986 0.444986
4305.422852 0.000000 3510.105469 0.000000 0.205823 0.000000 -0.978589 0.467400 0.467400 0.467400
4304.085449 0.000000 3542.160889 0.000000 0.957920 0.000000 0.287035 0.392732 0.392732 0.392732
4301.884277 0.000000 3520.708740 0.000000 0.348465 0.000000 0.937322 0.364818 0.364818 0.364818
4301.520020 0.000000 3543.703613 0.000000 0.999747 0.000000 0.022485 0.399304 0.399304 0.399304
4306.314453 0.000000 3544.031494 0.000000 0.231554 0.000000 -0.972822 0.442061 0.442061 0.442061
4303.448242 0.000000 3549.270264 0.000000 0.665865 0.000000 0.746072 0.373089 0.373089 0.373089
4300.656250 0.000000 3546.206543 0.000000 0.739700 0.000000 0.672936 0.373094 0.373094 0.373094
4414.128418 0.000000 3543.456299 0.000000 0.849517 0.000000 -0.527561 0.414151 0.414151 0.414151
4404.385254 0.000000 3552.953613 0.000000 0.559013 0.000000 0.829159 0.376082 0.376082 0.376082
4413.056152 0.000000 3552.222900 0.000000 0.961115 0.000000 0.276149 0.392875 0.392875 0.392875
4415.536133 0.000000 3550.216064 0.000000 0.142860 0.000000 0.989743 0.362938 0.362938 0.362938
4421.206543 0.000000 3554.521240 0.000000 0.982984 0.000000 -0.183693 0.408302 0.408302 0.408302
4157.667480 0.000000 3634.211182 0.000000 0.757702 0.000000 -0.652600 0.407455 0.407455 0.407455
4157.810547 0.000000 3623.270264 0.000000 0.643448 0.000000 -0.765490 0.417847 0.417847 0.417847
4158.815430 0.000000 3617.389648 0.000000 0.603307 0.000000 0.797509 0.343304 0.343304 0.343304
4158.729980 0.000000 3614.720947 0.000000 0.334950 0.000000 -0.942236 0.471812 0.471812 0.471812
4186.462402 0.000000 3624.930420 0.000000 0.266017 0.000000 -0.963968 0.403899 0.403899 0.403899
4197.476562 0.000000 3640.549805 0.000000 0.243064 0.000000 0.970010 0.382795 0.382795 0.382795
4167.659180 0.000000 3617.308350 0.000000 0.581045 0.000000 0.813872 0.388132 0.388132 0.388132
4159.526855 0.000000 3621.926270 0.000000 0.462064 0.000000 -0.886847 0.413612 0.413612 0.413612
4184.688477 0.000000 3643.209717 0.000000 0.157602 0.000000 0.987503 0.378841 0.378841 0.378841
4198.722656 0.000000 3631.822998 0.000000 0.261094 0.000000 0.965313 0.369989 0.369989 0.369989
4167.075684 0.000000 3629.773438 0.000000 0.610532 0.000000 0.791992 0.378549 0.378549 0.378549
4162.457031 0.000000 3609.542969 0.000000 0.837526 0.000000 0.546397 0.384991 0.384991 0.384991
4162.101562 0.000000 3606.425781 0.000000 0.753684 0.000000 0.657238 0.369921 0.369921 0.369921
4161.782715 0.000000 3615.052002 0.000000 0.996981 0.000000 0.077646 0.395227 0.395227 0.395227
4183.781738 0.000000 3657.032959 0.000000 0.338407 0.000000 -0.941000 0.418970 0.418970 0.418970
4179.856445 0.000000 3650.739990 0.000000 0.966360 0.000000 0.257192 0.393376 0.393376 0.393376
4320.171875 0.000000 3589.170166 0.000000 0.618023 0.000000 -0.786160 0.414002 0.414002 0.414002
4333.000488 0.000000 3588.051025 0.000000 0.768476 0.000000 0.639879 0.384052 0.384052 0.384052
4331.792969 0.000000 3583.277832 0.000000 0.995793 0.000000 0.091628 0.397572 0.397572 0.397572
4331.186523 0.000000 3601.802002 0.000000 0.500583 0.000000 0.865688 0.369693 0.369693 0.369693
4296.038086 0.000000 3696.977539 0.000000 0.730772 0.000000 0.682622 0.396999 0.396999 0.396999
4291.734375 0.000000 3694.470459 0.000000 0.937012 0.000000 -0.349296 0.403920 0.403920 0.403920
4349.491211 0.000000 3657.377197 0.000000 0.800469 0.000000 -0.599374 0.411874 0.411874 0.411874
4328.835938 0.000000 3690.633057 0.000000 0.997603 0.000000 0.069202 0.398721 0.398721 0.398721
4316.145508 0.000000 3699.519043 0.000000 0.690906 0.000000 -0.722945 0.412911 0.412911 0.412911
4309.247559 0.000000 3701.455566 0.000000 0.973486 0.000000 0.228749 0.395967 0.395967 0.395967
4317.572754 0.000000 3686.681885 0.000000 0.491339 0.000000 0.870968 0.374135 0.374135 0.374135
4324.759277 0.000000 3689.388672 0.000000 0.268989 0.000000 -0.963143 0.433065 0.433065 0.433065
4343.984375 0.000000 3655.302734 0.000000 0.725999 0.000000 -0.687696 0.421203 0.421203 0.421203
4321.222168 0.000000 3694.062500 0.000000 0.478858 0.000000 -0.877892 0.428354 0.428354 0.428354
4290.962402 0.000000 3708.410889 0.000000 0.897161 0.000000 0.441705 0.388350 0.388350 0.388350
4296.382812 0.000000 3705.756104 0.000000 0.422942 0.000000 -0.906157 0.431711 0.431711 0.431711
4294.729980 0.000000 3708.406006 0.000000 0.100341 0.000000 0.994953 0.364028 0.364028 0.364028
4323.628906 0.000000 3696.083740 0.000000 0.997938 0.000000 -0.064179 0.401635 0.401635 0.401635
4292.885742 0.000000 3697.402588 0.000000 0.490643 0.000000 -0.871361 0.432224 0.432224 0.432224
4340.081543 0.000000 3660.388916 0.000000 0.635460 0.000000 0.772134 0.367844 0.367844 0.367844
4346.340820 0.000000 3667.453613 0.000000 0.968722 0.000000 -0.248147 0.410267 0.410267 0.410267
4350.357910 0.000000 3665.701904 0.000000 0.460536 0.000000 -0.887641 0.449081 0.449081 0.449081
4348.004395 0.000000 3665.750977 0.000000 0.994630 0.000000 -0.103495 0.405488 0.405488 0.405488
4347.848145 0.000000 3655.699463 0.000000 0.998771 0.000000 0.049567 0.397054 0.397054 0.397054
4396.010254 0.000000 3645.890381 0.000000 0.070380 0.000000 0.997520 0.365539 0.365539 0.365539
4405.458008 0.000000 3645.191162 0.000000 0.999898 0.000000 0.014253 0.399722 0.399722 0.399722
4402.322266 0.000000 3647.100098 0.000000 0.983410 0.000000 0.181399 0.396084 0.396084 0.396084
4393.393555 0.000000 3647.056152 0.000000 0.834951 0.000000 -0.550324 0.428224 0.428224 0.428224
4445.557129 0.000000 3622.697510 0.000000 0.985234 0.000000 -0.171214 0.404296 0.404296 0.404296
4429.749512 0.000000 3630.166748 0.000000 0.979044 0.000000 -0.203647 0.410342 0.410342 0.410342
4365.876465 0.000000 3648.677490 0.000000 0.906345 0.000000 0.422538 0.388891 0.388891 0.388891
4363.955078 0.000000 3655.976807 0.000000 0.744208 0.000000 0.667948 0.375165 0.375165 0.375165
4363.348145 0.000000 3659.393799 0.000000 0.213946 0.000000 0.976846 0.349251 0.349251 0.349251
4382.970703 0.000000 3655.701416 0.000000 0.396819 0.000000 0.917897 0.356457 0.356457 0.356457
4395.411621 0.000000 3649.819580 0.000000 0.932899 0.000000 0.360138 0.381237 0.381237 0.381237
4401.157227 0.000000 3647.768799 0.000000 0.337729 0.000000 0.941244 0.314890 0.314890 0.314890
4454.413086 0.000000 3699.497803 0.000000 0.908725 0.000000 0.417395 0.396560 0.396560 0.396560
4466.314453 0.000000 3711.084473 0.000000 0.146701 0.000000 -0.989181 0.434829 0.434829 0.434829
4472.980957 0.000000 3709.443848 0.000000 0.138655 0.000000 -0.990341 0.437887 0.437887 0.437887
4464.736816 0.000000 3698.666016 0.000000 0.410642 0.000000 0.911797 0.373641 0.373641 0.373641
4447.665039 0.000000 3710.858643 0.000000 0.731880 0.000000 -0.681433 0.425081 0.425081 0.425081
4463.169434 0.000000 3709.310547 0.000000 0.326358 0.000000 -0.945246 0.430298 0.430298 0.430298
4442.407227 0.000000 3696.610596 0.000000 0.195703 0.000000 0.980663 0.360900 0.360900 0.360900
4467.828613 0.000000 3704.925049 0.000000 0.688026 0.000000 -0.725686 0.421895 0.421895 0.421895
4452.794922 0.000000 3708.539062 0.000000 0.982458 0.000000 -0.186482 0.405432 0.405432 0.405432
4463.341309 0.000000 3705.734619 0.000000 0.366520 0.000000 -0.930410 0.436413 0.436413 0.436413
4481.209961 0.000000 3710.170654 0.000000 0.234529 0.000000 0.972109 0.328060 0.328060 0.328060
4470.157227 0.000000 3722.357666 0.000000 0.842185 0.000000 0.539189 0.389195 0.389195 0.389195
4473.564453 0.000000 3728.885254 0.000000 0.927695 0.000000 0.373339 0.390257 0.390257 0.390257
4471.366211 0.000000 3715.647949 0.000000 0.206789 0.000000 -0.978386 0.423811 0.423811 0.423811
4442.790039 0.000000 3722.986328 0.000000 0.551029 0.000000 0.834486 0.375354 0.375354 0.375354
4478.317871 0.000000 3724.484619 0.000000 0.613797 0.000000 0.789464 0.374557 0.374557 0.374557
4474.441406 0.000000 3721.646973 0.000000 0.799954 0.000000 -0.600061 0.420566 0.420566 0.420566
4448.037109 0.000000 3712.899170 0.000000 0.082862 0.000000 -0.996561 0.445316 0.445316 0.445316
4399.711914 0.000000 3823.277100 0.000000 0.178361 0.000000 0.983965 0.378462 0.378462 0.378462
4405.458008 0.000000 3837.144287 0.000000 0.828772 0.000000 0.559586 0.386953 0.386953 0.386953
4400.744629 0.000000 3826.634766 0.000000 0.407852 0.000000 0.913048 0.372421 0.372421 0.372421
4405.838867 0.000000 3829.853271 0.000000 0.482494 0.000000 -0.875899 0.437304 0.437304 0.437304
4403.836426 0.000000 3832.893799 0.000000 0.730495 0.000000 -0.682918 0.421771 0.421771 0.421771
4414.423828 0.000000 3837.733154 0.000000 0.879333 0.000000 -0.476207 0.413878 0.413878 0.413878
4406.228027 0.000000 3823.603027 0.000000 0.594725 0.000000 0.803929 0.369225 0.369225 0.369225
4425.823242 0.000000 3836.776123 0.000000 0.886212 0.000000 0.463280 0.395671 0.395671 0.395671
4427.244629 0.000000 3808.245605 0.000000 0.522752 0.000000 0.852485 0.377575 0.377575 0.377575
4418.946777 0.000000 3836.379639 0.000000 0.366288 0.000000 -0.930502 0.431047 0.431047 0.431047
4424.367188 0.000000 3833.724854 0.000000 0.134995 0.000000 -0.990846 0.430818 0.430818 0.430818
4421.349121 0.000000 3782.973389 0.000000 0.060373 0.000000 -0.998176 0.439970 0.439970 0.439970
4424.608398 0.000000 3792.276123 0.000000 0.056684 0.000000 0.998392 0.354640 0.354640 0.354640
4427.340332 0.000000 3787.362549 0.000000 0.246166 0.000000 -0.969228 0.443568 0.443568 0.443568
4431.432617 0.000000 3805.207764 0.000000 0.915403 0.000000 0.402538 0.386968 0.386968 0.386968
4424.602539 0.000000 3788.170166 0.000000 0.996637 0.000000 0.081949 0.397296 0.397296 0.397296
4505.643066 0.000000 3738.933105 0.000000 0.113808 0.000000 -0.993503 0.421821 0.421821 0.421821
4502.462402 0.000000 3751.633057 0.000000 0.735098 0.000000 0.677960 0.385493 0.385493 0.385493
4485.441406 0.000000 3722.265869 0.000000 0.647954 0.000000 -0.761679 0.422482 0.422482 0.422482
4516.735840 0.000000 3753.373047 0.000000 0.290011 0.000000 0.957023 0.363668 0.363668 0.363668
4479.574219 0.000000 3723.581299 0.000000 0.882742 0.000000 -0.469858 0.413433 0.413433 0.413433
4496.062012 0.000000 3734.114014 0.000000 0.997057 0.000000 0.076659 0.397854 0.397854 0.397854
4487.537598 0.000000 3712.431641 0.000000 0.505108 0.000000 -0.863056 0.432755 0.432755 0.432755
4485.341309 0.000000 3718.989014 0.000000 0.229474 0.000000 0.973315 0.367902 0.367902 0.367902
4501.671875 0.000000 3747.361816 0.000000 0.277661 0.000000 -0.960679 0.443137 0.443137 0.443137
4512.398438 0.000000 3749.011475 0.000000 0.410573 0.000000 -0.911828 0.432092 0.432092 0.432092
4493.371582 0.000000 3728.678467 0.000000 0.934115 0.000000 -0.356971 0.410753 0.410753 0.410753
4504.283203 0.000000 3744.764893 0.000000 0.986385 0.000000 -0.164452 0.404949 0.404949 0.404949
4509.846191 0.000000 3742.414307 0.000000 0.377336 0.000000 0.926076 0.359804 0.359804 0.359804
4604.337402 0.000000 3823.401855 0.000000 0.962085 0.000000 -0.272750 0.408552 0.408552 0.408552
4602.592773 0.000000 3825.804443 0.000000 0.185784 0.000000 0.982591 0.357849 0.357849 0.357849
4572.961426 0.000000 3817.000732 0.000000 0.448532 0.000000 -0.893767 0.450239 0.450239 0.450239
4166.317383 0.000000 3853.966064 0.000000 0.928869 0.000000 0.370407 0.394695 0.394695 0.394695
4187.061035 0.000000 3871.312744 0.000000 0.998596 0.000000 0.052981 0.399312 0.399312 0.399312
4162.773438 0.000000 3844.933838 0.000000 0.608354 0.000000 0.793666 0.379858 0.379858 0.379858
4165.380371 0.000000 3846.957764 0.000000 0.415183 0.000000 0.909738 0.373755 0.373755 0.373755
4174.648438 0.000000 3853.691895 0.000000 0.922429 0.000000 -0.386168 0.409304 0.409304 0.409304
4160.024414 0.000000 3839.212402 0.000000 0.250009 0.000000 0.968243 0.368409 0.368409 0.368409
4184.012207 0.000000 3864.376465 0.000000 0.943110 0.000000 0.332480 0.389846 0.389846 0.389846
4171.371582 0.000000 3851.346924 0.000000 0.185353 0.000000 -0.982672 0.444239 0.444239 0.444239
4189.885254 0.000000 3870.383057 0.000000 0.310043 0.000000 -0.950723 0.442630 0.442630 0.442630
4195.032715 0.000000 3870.306152 0.000000 0.098379 0.000000 0.995149 0.337515 0.337515 0.337515
4235.993164 0.000000 3891.951904 0.000000 0.979358 0.000000 -0.202135 0.405386 0.405386 0.405386
4231.067871 0.000000 3885.710938 0.000000 0.145186 0.000000 -0.989404 0.432732 0.432732 0.432732
4234.630859 0.000000 3887.562500 0.000000 0.727145 0.000000 0.686484 0.373176 0.373176 0.373176
4231.499023 0.000000 3876.155762 0.000000 0.794638 0.000000 -0.607084 0.427362 0.427362 0.427362
4237.772949 0.000000 3886.104248 0.000000 0.878784 0.000000 0.477220 0.375160 0.375160 0.375160
4233.741211 0.000000 3890.856689 0.000000 0.761921 0.000000 0.647670 0.359898 0.359898 0.359898
4234.090332 0.000000 3878.836914 0.000000 0.471320 0.000000 0.881962 0.337446 0.337446 0.337446
4231.808105 0.000000 3895.799072 0.000000 0.239817 0.000000 0.970818 0.315749 0.315749 0.315749
4350.835938 0.000000 3895.132324 0.000000 0.335498 0.000000 0.942041 0.383436 0.383436 0.383436
4351.065918 0.000000 3885.912842 0.000000 0.212143 0.000000 -0.977239 0.423715 0.423715 0.423715
4343.765137 0.000000 3882.820557 0.000000 0.737908 0.000000 0.674902 0.382245 0.382245 0.382245
4344.996582 0.000000 3901.396973 0.000000 0.940569 0.000000 0.339602 0.392042 0.392042 0.392042
4348.368652 0.000000 3887.386230 0.000000 0.595923 0.000000 -0.803041 0.436313 0.436313 0.436313
4334.670410 0.000000 3872.179688 0.000000 0.400427 0.000000 -0.916329 0.440502 0.440502 0.440502
4332.018066 0.000000 3965.812256 0.000000 0.971678 0.000000 -0.236308 0.404646 0.404646 0.404646
4341.465820 0.000000 3965.113037 0.000000 0.979597 0.000000 0.200974 0.395655 0.395655 0.395655
4338.330078 0.000000 3967.021973 0.000000 0.536170 0.000000 0.844110 0.371400 0.371400 0.371400
4335.185059 0.000000 3965.248047 0.000000 0.999646 0.000000 0.026624 0.399189 0.399189 0.399189
4336.533691 0.000000 3972.783203 0.000000 0.264957 0.000000 0.964260 0.367479 0.367479 0.367479
4339.417480 0.000000 3967.468018 0.000000 0.419306 0.000000 -0.907845 0.432391 0.432391 0.432391
4320.563477 0.000000 4063.274902 0.000000 0.853969 0.000000 -0.520323 0.410110 0.410110 0.410110
4409.846680 0.000000 3841.030762 0.000000 0.736958 0.000000 0.675939 0.379617 0.379617 0.379617
4418.742188 0.000000 3844.933838 0.000000 0.697659 0.000000 0.716430 0.380061 0.380061 0.380061
4423.545410 0.000000 3840.400391 0.000000 0.440440 0.000000 0.897782 0.371614 0.371614 0.371614
4415.485840 0.000000 3845.746338 0.000000 0.987664 0.000000 0.156589 0.394975 0.394975 0.394975
4421.349121 0.000000 3846.957764 0.000000 0.980625 0.000000 0.195893 0.394388 0.394388 0.394388
4415.993164 0.000000 3839.212402 0.000000 0.530426 0.000000 0.847731 0.374743 0.374743 0.374743
4425.136719 0.000000 3913.292236 0.000000 0.991703 0.000000 0.128549 0.399549 0.399549 0.399549
4427.244629 0.000000 3936.214355 0.000000 0.215102 0.000000 0.976592 0.373633 0.373633 0.373633
4430.617188 0.000000 3917.676270 0.000000 0.995419 0.000000 0.095610 0.397514 0.397514 0.397514
4424.608398 0.000000 3920.244873 0.000000 0.404795 0.000000 0.914408 0.372341 0.372341 0.372341
4434.659668 0.000000 3918.800049 0.000000 0.868282 0.000000 0.496070 0.379007 0.379007 0.379007
4482.734375 0.000000 3844.933838 0.000000 0.803860 0.000000 -0.594818 0.415268 0.415268 0.415268
4485.341309 0.000000 3846.957764 0.000000 0.188337 0.000000 0.982104 0.362756 0.362756 0.362756
4482.798828 0.000000 3852.125244 0.000000 0.225267 0.000000 0.974297 0.363103 0.363103 0.363103
4488.674316 0.000000 3845.962402 0.000000 0.582783 0.000000 -0.812628 0.425578 0.425578 0.425578
4371.833008 0.000000 3970.661865 0.000000 0.998731 0.000000 -0.050365 0.401107 0.401107 0.401107
4378.495117 0.000000 3971.578369 0.000000 0.195619 0.000000 -0.980680 0.434986 0.434986 0.434986
4386.449707 0.000000 3970.737061 0.000000 0.570147 0.000000 -0.821543 0.423588 0.423588 0.423588
4384.044922 0.000000 3968.836670 0.000000 0.585341 0.000000 -0.810787 0.425965 0.425965 0.425965
4370.209473 0.000000 3973.074219 0.000000 0.035131 0.000000 0.999383 0.344793 0.344793 0.344793
4427.319336 0.000000 4046.444336 0.000000 0.341618 0.000000 -0.939839 0.410984 0.410984 0.410984
4418.425781 0.000000 4057.433594 0.000000 0.229495 0.000000 -0.973310 0.432766 0.432766 0.432766
4555.303711 0.000000 3982.459961 0.000000 0.394822 0.000000 -0.918758 0.412796 0.412796 0.412796
4552.592773 0.000000 3984.229248 0.000000 0.266918 0.000000 0.963719 0.356490 0.356490 0.356490
4606.400391 0.000000 4029.686279 0.000000 0.287700 0.000000 0.957721 0.361684 0.361684 0.361684
4554.663086 0.000000 3989.288574 0.000000 0.997015 0.000000 0.077212 0.396295 0.396295 0.396295
4604.324219 0.000000 4020.493408 0.000000 0.960272 0.000000 0.279067 0.385172 0.385172 0.385172
4603.243652 0.000000 4030.196777 0.000000 0.879815 0.000000 -0.475317 0.421517 0.421517 0.421517
4484.706543 0.000000 4069.047852 0.000000 0.168814 0.000000 -0.985648 0.410494 0.410494 0.410494
4501.518555 0.000000 4075.638428 0.000000 0.991807 0.000000 0.127748 0.398465 0.398465 0.398465
4498.206055 0.000000 4073.374268 0.000000 0.513949 0.000000 -0.857821 0.419562 0.419562 0.419562
4484.138184 0.000000 4075.536621 0.000000 0.955703 0.000000 0.294332 0.372403 0.372403 0.372403
4616.698730 0.000000 3829.904785 0.000000 0.474357 0.000000 -0.880333 0.420426 0.420426 0.420426
4607.645508 0.000000 3821.513428 0.000000 0.998183 0.000000 -0.060251 0.401415 0.401415 0.401415
4610.246094 0.000000 3815.020264 0.000000 0.922937 0.000000 0.384951 0.386781 0.386781 0.386781
4618.583984 0.000000 3823.578125 0.000000 0.535542 0.000000 0.844509 0.360332 0.360332 0.360332
4617.694336 0.000000 3826.872314 0.000000 0.368410 0.000000 -0.929664 0.454825 0.454825 0.454825
4617.030273 0.000000 3820.477295 0.000000 0.995970 0.000000 -0.089691 0.404484 0.404484 0.404484
4626.190430 0.000000 3945.405518 0.000000 0.753687 0.000000 0.657233 0.383170 0.383170 0.383170
4634.766602 0.000000 3914.939453 0.000000 0.552968 0.000000 0.833202 0.372462 0.372462 0.372462
4629.656250 0.000000 3939.314941 0.000000 0.276334 0.000000 -0.961062 0.432870 0.432870 0.432870
4631.957520 0.000000 3928.360840 0.000000 0.533761 0.000000 0.845635 0.368803 0.368803 0.368803
4630.752441 0.000000 3931.581787 0.000000 0.656609 0.000000 -0.754232 0.425599 0.425599 0.425599
4635.168457 0.000000 3924.466064 0.000000 0.160646 0.000000 0.987012 0.347219 0.347219 0.347219
4634.388672 0.000000 3927.293701 0.000000 0.057762 0.000000 -0.998330 0.455148 0.455148 0.455148
4615.694824 0.000000 4010.523682 0.000000 0.999244 0.000000 0.038875 0.399709 0.399709 0.399709
4629.921387 0.000000 4029.738770 0.000000 0.477841 0.000000 0.878446 0.380720 0.380720 0.380720
4640.577637 0.000000 4025.437256 0.000000 0.477938 0.000000 -0.878394 0.432666 0.432666 0.432666
4612.122559 0.000000 4011.552246 0.000000 0.415999 0.000000 0.909365 0.362944 0.362944 0.362944
4621.137207 0.000000 4029.895264 0.000000 0.099060 0.000000 -0.995081 0.473477 0.473477 0.473477
4613.963867 0.000000 4022.911377 0.000000 0.644375 0.000000 0.764710 0.370441 0.370441 0.370441
4609.387695 0.000000 4026.191895 0.000000 0.517172 0.000000 0.855882 0.346657 0.346657 0.346657
4623.653809 0.000000 4026.659912 0.000000 0.229565 0.000000 -0.973293 0.470209 0.470209 0.470209
4617.694336 0.000000 4018.825439 0.000000 0.471880 0.000000 0.881663 0.348801 0.348801 0.348801
4616.016602 0.000000 4030.129639 0.000000 0.952795 0.000000 0.303614 0.383827 0.383827 0.383827
4614.262695 0.000000 4045.919189 0.000000 0.949333 0.000000 0.314271 0.396648 0.396648 0.396648
4640.100586 0.000000 4046.419189 0.000000 0.996296 0.000000 -0.085985 0.402020 0.402020 0.402020
4634.766602 0.000000 4042.908203 0.000000 0.650774 0.000000 0.759271 0.378905 0.378905 0.378905
4634.463867 0.000000 4035.562744 0.000000 0.171150 0.000000 0.985245 0.355300 0.355300 0.355300
4607.969727 0.000000 4031.165527 0.000000 0.476731 0.000000 -0.879049 0.425201 0.425201 0.425201
4626.178223 0.000000 4037.058594 0.000000 0.618720 0.000000 -0.785611 0.436549 0.436549 0.436549
4633.241699 0.000000 4045.549316 0.000000 0.570835 0.000000 0.821065 0.363446 0.363446 0.363446
4616.579102 0.000000 4044.107666 0.000000 0.496110 0.000000 -0.868260 0.437808 0.437808 0.437808
4619.717285 0.000000 4034.057373 0.000000 0.448028 0.000000 -0.894020 0.465178 0.465178 0.465178
4625.845215 0.000000 4033.177490 0.000000 0.956157 0.000000 -0.292854 0.415137 0.415137 0.415137
4618.601074 0.000000 4038.414062 0.000000 0.514640 0.000000 -0.857406 0.466357 0.466357 0.466357
4710.998535 0.000000 4059.076416 0.000000 0.928017 0.000000 0.372537 0.378271 0.378271 0.378271
"}
