object={
	name="tree_leaf_high_generator_3_0"
	render_pass=Map
	clamp_to_water_level=no
	generated_content=yes
	layer="tree_high_layer"
	pdxmesh="tree_leaf_01_c_mesh"
	count=347
	transform="3024.225830 0.000000 1987.270386 0.000000 0.179785 0.000000 0.983706 0.765020 0.765020 0.765020
3225.016602 0.000000 3171.965088 0.000000 0.132182 0.000000 -0.991225 0.843949 0.843949 0.843949
3247.783691 0.000000 3174.683105 0.000000 0.930873 0.000000 -0.365344 0.811429 0.811429 0.811429
3243.411377 0.000000 3175.312988 0.000000 0.032241 0.000000 -0.999480 0.858077 0.858077 0.858077
3233.354492 0.000000 3182.187500 0.000000 0.013645 0.000000 -0.999907 0.905429 0.905429 0.905429
3238.839600 0.000000 3183.932373 0.000000 0.153179 0.000000 0.988199 0.695569 0.695569 0.695569
3235.761475 0.000000 3184.208740 0.000000 0.755807 0.000000 0.654795 0.749525 0.749525 0.749525
3234.361084 0.000000 3179.263184 0.000000 0.619522 0.000000 0.784979 0.723199 0.723199 0.723199
3242.026855 0.000000 3172.568359 0.000000 0.978354 0.000000 -0.206938 0.815487 0.815487 0.815487
3239.918457 0.000000 3181.347412 0.000000 0.252474 0.000000 -0.967604 0.913507 0.913507 0.913507
3228.786133 0.000000 3181.537842 0.000000 0.920486 0.000000 0.390776 0.771615 0.771615 0.771615
3242.987549 0.000000 3180.187988 0.000000 0.975018 0.000000 0.222127 0.783626 0.783626 0.783626
3823.781982 0.000000 3439.370850 0.000000 0.340085 0.000000 -0.940395 0.837396 0.837396 0.837396
3824.968018 0.000000 3435.677490 0.000000 0.551594 0.000000 -0.834113 0.833692 0.833692 0.833692
3861.302002 0.000000 3509.502441 0.000000 0.365589 0.000000 -0.930776 0.845166 0.845166 0.845166
3856.542480 0.000000 3504.738770 0.000000 0.988594 0.000000 0.150608 0.791847 0.791847 0.791847
3860.320068 0.000000 3506.324219 0.000000 0.713327 0.000000 -0.700831 0.846064 0.846064 0.846064
3868.035645 0.000000 3582.114014 0.000000 0.996798 0.000000 0.079966 0.798609 0.798609 0.798609
3873.964600 0.000000 3571.135498 0.000000 0.620856 0.000000 0.783925 0.762752 0.762752 0.762752
3872.617676 0.000000 3551.399902 0.000000 0.999514 0.000000 0.031181 0.799066 0.799066 0.799066
3875.545166 0.000000 3556.281250 0.000000 0.937721 0.000000 -0.347390 0.810842 0.810842 0.810842
3873.276367 0.000000 3566.093750 0.000000 0.941405 0.000000 0.337279 0.776501 0.776501 0.776501
3771.211426 0.000000 3781.455566 0.000000 0.406519 0.000000 0.913642 0.777219 0.777219 0.777219
3773.194336 0.000000 3775.884766 0.000000 0.666441 0.000000 0.745558 0.787397 0.787397 0.787397
3773.561279 0.000000 3785.345947 0.000000 0.042795 0.000000 -0.999084 0.836621 0.836621 0.836621
3833.842773 0.000000 3807.067139 0.000000 0.831129 0.000000 0.556080 0.787634 0.787634 0.787634
3823.781982 0.000000 3823.277100 0.000000 0.979531 0.000000 0.201291 0.793564 0.793564 0.793564
3833.208740 0.000000 3822.772949 0.000000 0.997509 0.000000 0.070544 0.797419 0.797419 0.797419
3827.409912 0.000000 3816.784668 0.000000 0.918133 0.000000 0.396273 0.783887 0.783887 0.783887
3837.554932 0.000000 3804.979492 0.000000 0.999923 0.000000 -0.012385 0.800341 0.800341 0.800341
3779.708008 0.000000 3776.331787 0.000000 0.383599 0.000000 0.923500 0.752040 0.752040 0.752040
3823.713379 0.000000 3814.526855 0.000000 0.092138 0.000000 -0.995746 0.851382 0.851382 0.851382
3831.316895 0.000000 3810.369385 0.000000 0.900558 0.000000 0.434736 0.786257 0.786257 0.786257
3837.849609 0.000000 3815.223389 0.000000 0.999634 0.000000 0.027038 0.799222 0.799222 0.799222
3831.827393 0.000000 3818.836182 0.000000 0.878434 0.000000 0.477864 0.782387 0.782387 0.782387
3833.642090 0.000000 3792.869629 0.000000 0.950711 0.000000 -0.310079 0.810012 0.810012 0.810012
3833.896973 0.000000 3798.018799 0.000000 0.955444 0.000000 -0.295172 0.810233 0.810233 0.810233
3778.820068 0.000000 3780.949463 0.000000 0.014619 0.000000 0.999893 0.720745 0.720745 0.720745
3824.968018 0.000000 3819.583740 0.000000 0.708372 0.000000 -0.705839 0.835214 0.835214 0.835214
3775.660156 0.000000 3787.565674 0.000000 0.854373 0.000000 -0.519660 0.818990 0.818990 0.818990
3824.060547 0.000000 3810.918457 0.000000 0.976773 0.000000 0.214275 0.791331 0.791331 0.791331
3820.834229 0.000000 3824.516602 0.000000 0.609956 0.000000 0.792435 0.756151 0.756151 0.756151
3868.241699 0.000000 3641.821777 0.000000 0.113282 0.000000 -0.993563 0.881203 0.881203 0.881203
3869.035889 0.000000 3648.833008 0.000000 0.879241 0.000000 -0.476377 0.811305 0.811305 0.811305
3870.608643 0.000000 3658.521729 0.000000 0.575463 0.000000 -0.817828 0.828689 0.828689 0.828689
3866.860107 0.000000 3659.001953 0.000000 0.959642 0.000000 -0.281224 0.812298 0.812298 0.812298
3839.565430 0.000000 3813.879395 0.000000 0.981714 0.000000 -0.190363 0.804705 0.804705 0.804705
3812.966309 0.000000 3908.791016 0.000000 0.152754 0.000000 -0.988264 0.838218 0.838218 0.838218
3833.842773 0.000000 3935.035889 0.000000 0.945278 0.000000 -0.326265 0.809559 0.809559 0.809559
3811.828125 0.000000 3919.596924 0.000000 0.334614 0.000000 0.942355 0.760216 0.760216 0.760216
3810.634033 0.000000 3928.656006 0.000000 0.003369 0.000000 0.999994 0.749285 0.749285 0.749285
3805.109131 0.000000 3926.680176 0.000000 0.292963 0.000000 -0.956124 0.841967 0.841967 0.841967
3799.828613 0.000000 3912.970459 0.000000 0.257817 0.000000 -0.966194 0.855730 0.855730 0.855730
3815.774170 0.000000 3915.081787 0.000000 0.996759 0.000000 -0.080440 0.802702 0.802702 0.802702
3800.824463 0.000000 3920.999268 0.000000 0.832474 0.000000 -0.554063 0.820408 0.820408 0.820408
3805.165039 0.000000 3922.460938 0.000000 0.995075 0.000000 0.099123 0.796014 0.796014 0.796014
3808.201660 0.000000 3918.450439 0.000000 0.906587 0.000000 -0.422020 0.814618 0.814618 0.814618
3796.319580 0.000000 3920.890381 0.000000 0.933989 0.000000 0.357302 0.787302 0.787302 0.787302
3838.897949 0.000000 4023.101074 0.000000 0.766105 0.000000 0.642715 0.777415 0.777415 0.777415
3833.208740 0.000000 4014.726074 0.000000 0.420926 0.000000 -0.907095 0.842894 0.842894 0.842894
3839.128418 0.000000 4013.881592 0.000000 0.464151 0.000000 0.885756 0.762186 0.762186 0.762186
3834.723633 0.000000 4022.592529 0.000000 0.999052 0.000000 -0.043526 0.801696 0.801696 0.801696
3837.849609 0.000000 4007.176514 0.000000 0.108302 0.000000 0.994118 0.752688 0.752688 0.752688
3831.827393 0.000000 4010.789307 0.000000 0.771461 0.000000 -0.636276 0.825620 0.825620 0.825620
3847.697998 0.000000 3937.230225 0.000000 0.767047 0.000000 0.641591 0.779966 0.779966 0.779966
3839.565430 0.000000 3941.848145 0.000000 0.366641 0.000000 0.930363 0.755593 0.755593 0.755593
3843.948242 0.000000 3936.063965 0.000000 0.597668 0.000000 -0.801744 0.849605 0.849605 0.849605
3870.465088 0.000000 3995.290527 0.000000 0.415786 0.000000 0.909463 0.788368 0.788368 0.788368
3855.114746 0.000000 3999.980225 0.000000 0.981556 0.000000 0.191177 0.797119 0.797119 0.797119
3864.938477 0.000000 4003.761963 0.000000 0.972816 0.000000 -0.231581 0.807422 0.807422 0.807422
3844.442871 0.000000 4020.452148 0.000000 0.999834 0.000000 -0.018201 0.800643 0.800643 0.800643
3843.788818 0.000000 4014.392334 0.000000 0.312016 0.000000 0.950077 0.769958 0.769958 0.769958
3853.515137 0.000000 4016.690674 0.000000 0.663127 0.000000 0.748507 0.776181 0.776181 0.776181
3847.697998 0.000000 4001.214600 0.000000 0.987211 0.000000 -0.159418 0.804892 0.804892 0.804892
3869.101318 0.000000 3990.664551 0.000000 0.505671 0.000000 0.862726 0.763212 0.763212 0.763212
3840.831543 0.000000 4023.577148 0.000000 0.358359 0.000000 0.933584 0.766086 0.766086 0.766086
3851.589844 0.000000 4012.685303 0.000000 0.653687 0.000000 0.756765 0.766056 0.766056 0.766056
3869.157227 0.000000 3986.445312 0.000000 0.264713 0.000000 -0.964327 0.838252 0.838252 0.838252
3859.079834 0.000000 4001.158447 0.000000 0.900844 0.000000 -0.434142 0.813454 0.813454 0.813454
3839.739014 0.000000 4013.466553 0.000000 0.944656 0.000000 0.328063 0.788384 0.788384 0.788384
3851.131836 0.000000 4008.612061 0.000000 0.821725 0.000000 -0.569884 0.823616 0.823616 0.823616
3855.313721 0.000000 4003.929688 0.000000 0.194685 0.000000 -0.980866 0.860960 0.860960 0.860960
4132.705078 0.000000 3501.073975 0.000000 0.319034 0.000000 0.947743 0.797760 0.797760 0.797760
4143.742676 0.000000 3503.355225 0.000000 0.474419 0.000000 -0.880299 0.838055 0.838055 0.838055
4153.169922 0.000000 3502.851074 0.000000 0.671843 0.000000 -0.740694 0.823989 0.823989 0.823989
4136.859375 0.000000 3498.679932 0.000000 0.819332 0.000000 -0.573319 0.821218 0.821218 0.821218
4159.089355 0.000000 3502.006592 0.000000 0.544260 0.000000 0.838917 0.772568 0.772568 0.772568
4139.302246 0.000000 3495.234863 0.000000 0.832516 0.000000 0.554001 0.770448 0.770448 0.770448
4144.928711 0.000000 3499.661865 0.000000 0.537986 0.000000 0.842954 0.765753 0.765753 0.765753
4168.053711 0.000000 3505.024414 0.000000 0.007682 0.000000 -0.999970 0.815922 0.815922 0.815922
4164.404297 0.000000 3508.577148 0.000000 0.110868 0.000000 0.993835 0.751022 0.751022 0.751022
4168.753418 0.000000 3509.982910 0.000000 0.098429 0.000000 -0.995144 0.845869 0.845869 0.845869
4176.869141 0.000000 3512.472412 0.000000 0.214187 0.000000 0.976793 0.750478 0.750478 0.750478
4157.515625 0.000000 3549.041992 0.000000 0.881846 0.000000 -0.471538 0.816476 0.816476 0.816476
4162.254883 0.000000 3548.682861 0.000000 0.767117 0.000000 -0.641508 0.821700 0.821700 0.821700
4167.659180 0.000000 3553.323975 0.000000 0.986090 0.000000 0.166209 0.794297 0.794297 0.794297
4174.861328 0.000000 3559.800537 0.000000 0.689806 0.000000 0.723994 0.779627 0.779627 0.779627
4210.711914 0.000000 3522.589844 0.000000 0.948136 0.000000 0.317864 0.789921 0.789921 0.789921
4178.245117 0.000000 3561.499268 0.000000 0.976564 0.000000 -0.215229 0.807929 0.807929 0.807929
4163.909180 0.000000 3552.157715 0.000000 0.996481 0.000000 -0.083822 0.802916 0.802916 0.802916
4171.275879 0.000000 3552.308105 0.000000 0.858839 0.000000 -0.512246 0.819334 0.819334 0.819334
4304.853516 0.000000 3512.472412 0.000000 0.780934 0.000000 0.624614 0.768471 0.768471 0.768471
4309.960449 0.000000 3517.863770 0.000000 0.922186 0.000000 -0.386746 0.813324 0.813324 0.813324
4299.985352 0.000000 3508.045654 0.000000 0.709184 0.000000 -0.705024 0.827661 0.827661 0.827661
4310.958496 0.000000 3524.443604 0.000000 0.446388 0.000000 0.894840 0.772779 0.772779 0.772779
4298.648926 0.000000 3544.211670 0.000000 0.042914 0.000000 -0.999079 0.836618 0.836618 0.836618
4299.580078 0.000000 3524.746826 0.000000 0.660192 0.000000 0.751097 0.779126 0.779126 0.779126
4311.766113 0.000000 3529.064209 0.000000 0.994803 0.000000 0.101822 0.796639 0.796639 0.796639
4300.083008 0.000000 3548.774414 0.000000 0.403956 0.000000 0.914778 0.750867 0.750867 0.750867
4305.006836 0.000000 3519.146484 0.000000 0.697272 0.000000 -0.716807 0.831126 0.831126 0.831126
4308.257324 0.000000 3536.984131 0.000000 0.247826 0.000000 -0.968805 0.859334 0.859334 0.859334
4299.260254 0.000000 3552.308105 0.000000 0.990569 0.000000 0.137012 0.794565 0.794565 0.794565
4307.840820 0.000000 3522.771240 0.000000 0.972139 0.000000 -0.234405 0.812476 0.812476 0.812476
4306.217285 0.000000 3525.183594 0.000000 0.897222 0.000000 0.441581 0.773144 0.773144 0.773144
4412.898926 0.000000 3539.964355 0.000000 0.725387 0.000000 -0.688341 0.815011 0.815011 0.815011
4388.896484 0.000000 3524.884766 0.000000 0.767927 0.000000 0.640537 0.788753 0.788753 0.788753
4409.772461 0.000000 3551.129639 0.000000 0.863972 0.000000 0.503540 0.783243 0.783243 0.783243
4413.484863 0.000000 3549.041992 0.000000 0.185500 0.000000 0.982644 0.758531 0.758531 0.758531
4407.246582 0.000000 3554.431885 0.000000 0.921041 0.000000 0.389466 0.788734 0.788734 0.788734
4154.769531 0.000000 3609.718018 0.000000 0.707876 0.000000 0.706337 0.797180 0.797180 0.797180
4155.958008 0.000000 3626.934570 0.000000 0.958799 0.000000 0.284084 0.797584 0.797584 0.797584
4156.770020 0.000000 3619.276855 0.000000 0.633904 0.000000 -0.773412 0.811655 0.811655 0.811655
4156.930176 0.000000 3603.948730 0.000000 0.399183 0.000000 0.916871 0.775670 0.775670 0.775670
4157.515625 0.000000 3613.026367 0.000000 0.917840 0.000000 0.396951 0.788749 0.788749 0.788749
4157.087402 0.000000 3616.207275 0.000000 0.673449 0.000000 -0.739234 0.849349 0.849349 0.849349
4167.659668 0.000000 3612.449463 0.000000 0.877770 0.000000 -0.479083 0.802395 0.802395 0.802395
4168.293945 0.000000 3603.453125 0.000000 0.720613 0.000000 0.693338 0.794033 0.794033 0.794033
4159.993652 0.000000 3634.241699 0.000000 0.344543 0.000000 -0.938770 0.816800 0.816800 0.816800
4185.197266 0.000000 3638.916748 0.000000 0.967701 0.000000 -0.252100 0.806108 0.806108 0.806108
4164.853516 0.000000 3607.451416 0.000000 0.999763 0.000000 -0.021759 0.800456 0.800456 0.800456
4162.254883 0.000000 3612.667236 0.000000 0.551766 0.000000 0.833999 0.766905 0.766905 0.766905
4163.750000 0.000000 3630.486084 0.000000 0.174690 0.000000 -0.984624 0.832603 0.832603 0.832603
4181.976074 0.000000 3645.832520 0.000000 0.557790 0.000000 0.829982 0.766562 0.766562 0.766562
4163.909180 0.000000 3616.142090 0.000000 0.985535 0.000000 -0.169475 0.809898 0.809898 0.809898
4159.567383 0.000000 3614.200439 0.000000 0.454441 0.000000 -0.890777 0.877047 0.877047 0.877047
4194.988281 0.000000 3647.671875 0.000000 0.821306 0.000000 0.570488 0.797090 0.797090 0.797090
4182.220215 0.000000 3661.429199 0.000000 0.783832 0.000000 -0.620973 0.813247 0.813247 0.813247
4186.821289 0.000000 3659.001953 0.000000 0.884593 0.000000 0.466364 0.780523 0.780523 0.780523
4334.049805 0.000000 3600.455811 0.000000 0.791862 0.000000 0.610700 0.778744 0.778744 0.778744
4332.110352 0.000000 3595.783447 0.000000 0.679269 0.000000 0.733890 0.776794 0.776794 0.776794
4326.351074 0.000000 3591.985352 0.000000 0.540000 0.000000 -0.841665 0.856942 0.856942 0.856942
4328.145508 0.000000 3588.414307 0.000000 0.474770 0.000000 0.880110 0.754867 0.754867 0.754867
4325.650879 0.000000 3585.638916 0.000000 0.992137 0.000000 -0.125155 0.806466 0.806466 0.806466
4322.457520 0.000000 3586.830811 0.000000 0.436711 0.000000 -0.899602 0.847598 0.847598 0.847598
4340.361328 0.000000 3654.412598 0.000000 0.980518 0.000000 -0.196431 0.803554 0.803554 0.803554
4327.324219 0.000000 3686.548584 0.000000 0.991185 0.000000 -0.132486 0.802707 0.802707 0.802707
4309.541992 0.000000 3691.732178 0.000000 0.958574 0.000000 -0.284845 0.807615 0.807615 0.807615
4293.054688 0.000000 3711.047119 0.000000 0.943859 0.000000 -0.330349 0.810086 0.810086 0.810086
4312.884277 0.000000 3683.840088 0.000000 0.816317 0.000000 -0.577605 0.814759 0.814759 0.814759
4321.910156 0.000000 3699.104248 0.000000 0.485534 0.000000 -0.874218 0.831233 0.831233 0.831233
4313.729980 0.000000 3693.494873 0.000000 0.118426 0.000000 -0.992963 0.841763 0.841763 0.841763
4296.737793 0.000000 3701.936035 0.000000 0.193195 0.000000 0.981160 0.759590 0.759590 0.759590
4318.203613 0.000000 3691.303467 0.000000 0.997826 0.000000 -0.065897 0.801976 0.801976 0.801976
4349.258301 0.000000 3663.575439 0.000000 0.920840 0.000000 -0.389940 0.813680 0.813680 0.813680
4342.172852 0.000000 3658.373291 0.000000 0.404877 0.000000 -0.914371 0.842176 0.842176 0.842176
4323.490723 0.000000 3684.250000 0.000000 0.989584 0.000000 -0.143955 0.805107 0.805107 0.805107
4310.485840 0.000000 3687.648682 0.000000 0.425014 0.000000 0.905187 0.766092 0.766092 0.766092
4346.457031 0.000000 3657.662598 0.000000 0.744981 0.000000 0.667086 0.761056 0.761056 0.761056
4291.645996 0.000000 3712.347412 0.000000 0.397703 0.000000 0.917514 0.763106 0.763106 0.763106
4403.836426 0.000000 3640.940674 0.000000 0.201660 0.000000 0.979456 0.722966 0.722966 0.722966
4427.520020 0.000000 3628.779053 0.000000 0.665138 0.000000 -0.746720 0.840919 0.840919 0.840919
4448.547852 0.000000 3615.384277 0.000000 0.910682 0.000000 0.413107 0.787752 0.787752 0.787752
4426.607422 0.000000 3631.625000 0.000000 0.223951 0.000000 -0.974600 0.878973 0.878973 0.878973
4362.850586 0.000000 3647.896240 0.000000 0.419656 0.000000 0.907683 0.797955 0.797955 0.797955
4358.293945 0.000000 3662.012939 0.000000 0.690502 0.000000 0.723331 0.773837 0.773837 0.773837
4363.572266 0.000000 3652.715576 0.000000 0.104247 0.000000 0.994551 0.746405 0.746405 0.746405
4382.546387 0.000000 3658.521729 0.000000 0.986352 0.000000 -0.164648 0.804261 0.804261 0.804261
4376.927246 0.000000 3648.771973 0.000000 0.248568 0.000000 -0.968614 0.842696 0.842696 0.842696
4395.785156 0.000000 3647.262207 0.000000 0.977061 0.000000 0.212960 0.787527 0.787527 0.787527
4392.137695 0.000000 3652.398682 0.000000 0.193993 0.000000 -0.981003 0.873354 0.873354 0.873354
4351.540527 0.000000 3665.686768 0.000000 0.277560 0.000000 -0.960708 0.869539 0.869539 0.869539
4417.778809 0.000000 3656.571289 0.000000 0.704478 0.000000 -0.709726 0.816076 0.816076 0.816076
4453.445312 0.000000 3704.534180 0.000000 0.583331 0.000000 0.812235 0.768760 0.768760 0.768760
4457.154297 0.000000 3702.669434 0.000000 0.586371 0.000000 0.810042 0.766055 0.766055 0.766055
4460.002441 0.000000 3709.874756 0.000000 0.909144 0.000000 0.416481 0.785586 0.785586 0.785586
4469.450195 0.000000 3709.175537 0.000000 0.700059 0.000000 0.714085 0.774744 0.774744 0.774744
4463.092773 0.000000 3702.645752 0.000000 0.184867 0.000000 -0.982764 0.852275 0.852275 0.852275
4446.321777 0.000000 3708.079102 0.000000 0.328778 0.000000 -0.944407 0.857755 0.857755 0.857755
4485.031250 0.000000 3711.047119 0.000000 0.919782 0.000000 0.392429 0.791543 0.791543 0.791543
4444.965820 0.000000 3712.817383 0.000000 0.919220 0.000000 0.393743 0.792726 0.792726 0.792726
4462.034180 0.000000 3728.424561 0.000000 0.508808 0.000000 -0.860880 0.819883 0.819883 0.819883
4469.573730 0.000000 3726.874756 0.000000 0.226598 0.000000 -0.973988 0.841819 0.841819 0.841819
4448.156250 0.000000 3717.138916 0.000000 0.703786 0.000000 0.710412 0.780591 0.780591 0.780591
4477.475586 0.000000 3721.361572 0.000000 0.760634 0.000000 0.649181 0.778411 0.778411 0.778411
4446.538574 0.000000 3722.506104 0.000000 0.596107 0.000000 -0.802905 0.829601 0.829601 0.829601
4477.242676 0.000000 3727.559814 0.000000 0.484399 0.000000 0.874847 0.764261 0.764261 0.764261
4466.515625 0.000000 3729.823242 0.000000 0.625621 0.000000 -0.780127 0.835388 0.835388 0.835388
4473.838867 0.000000 3713.062012 0.000000 0.903502 0.000000 -0.428583 0.816454 0.816454 0.816454
4467.674316 0.000000 3732.822998 0.000000 0.763016 0.000000 -0.646380 0.833689 0.833689 0.833689
4477.340332 0.000000 3715.250732 0.000000 0.805705 0.000000 0.592316 0.741886 0.741886 0.741886
4407.123535 0.000000 3832.828613 0.000000 0.735692 0.000000 -0.677316 0.821847 0.821847 0.821847
4409.138672 0.000000 3822.772949 0.000000 0.377704 0.000000 0.925927 0.765254 0.765254 0.765254
4410.653320 0.000000 3830.639404 0.000000 0.788085 0.000000 0.615567 0.778942 0.778942 0.778942
4403.978027 0.000000 3825.623779 0.000000 0.590152 0.000000 0.807292 0.764534 0.764534 0.764534
4408.988770 0.000000 3837.412598 0.000000 0.846258 0.000000 0.532773 0.778790 0.778790 0.778790
4431.666992 0.000000 3801.665771 0.000000 0.564253 0.000000 -0.825602 0.808147 0.808147 0.808147
4421.039062 0.000000 3839.015869 0.000000 0.709043 0.000000 -0.705165 0.823447 0.823447 0.823447
4420.373047 0.000000 3828.499023 0.000000 0.831562 0.000000 0.555432 0.780241 0.780241 0.780241
4429.059570 0.000000 3795.861572 0.000000 0.068280 0.000000 -0.997666 0.829708 0.829708 0.829708
4427.564453 0.000000 3780.684326 0.000000 0.994990 0.000000 -0.099979 0.803660 0.803660 0.803660
4416.761230 0.000000 3831.624023 0.000000 0.944321 0.000000 0.329026 0.790960 0.790960 0.790960
4424.722168 0.000000 3829.904785 0.000000 0.755778 0.000000 -0.654828 0.818822 0.818822 0.818822
4428.067383 0.000000 3804.711914 0.000000 0.552227 0.000000 0.833694 0.761018 0.761018 0.761018
4424.682129 0.000000 3781.978027 0.000000 0.050621 0.000000 -0.998718 0.866491 0.866491 0.866491
4427.947266 0.000000 3783.945557 0.000000 0.134986 0.000000 0.990847 0.726036 0.726036 0.726036
4516.801758 0.000000 3744.224121 0.000000 0.874069 0.000000 -0.485801 0.802128 0.802128 0.802128
4499.078613 0.000000 3749.312988 0.000000 0.814898 0.000000 -0.579604 0.808150 0.808150 0.808150
4495.036621 0.000000 3744.042725 0.000000 0.255300 0.000000 -0.966862 0.819662 0.819662 0.819662
4513.121094 0.000000 3751.962402 0.000000 0.964846 0.000000 -0.262817 0.805896 0.805896 0.805896
4491.311523 0.000000 3726.522461 0.000000 0.160892 0.000000 0.986972 0.760315 0.760315 0.760315
4500.956055 0.000000 3737.357910 0.000000 0.724620 0.000000 -0.689149 0.821867 0.821867 0.821867
4490.625488 0.000000 3736.164795 0.000000 0.629075 0.000000 0.777344 0.775458 0.775458 0.775458
4486.278320 0.000000 3725.997314 0.000000 0.999011 0.000000 -0.044467 0.801253 0.801253 0.801253
4499.329590 0.000000 3732.572510 0.000000 0.759730 0.000000 -0.650239 0.822056 0.822056 0.822056
4493.051758 0.000000 3731.877197 0.000000 0.943664 0.000000 0.330905 0.788279 0.788279 0.788279
4507.021973 0.000000 3743.343994 0.000000 0.643938 0.000000 -0.765077 0.825577 0.825577 0.825577
4512.540039 0.000000 3743.353027 0.000000 0.851713 0.000000 0.524008 0.783807 0.783807 0.783807
4515.467285 0.000000 3748.234375 0.000000 0.061955 0.000000 -0.998079 0.845202 0.845202 0.845202
4483.622559 0.000000 3712.347412 0.000000 0.541464 0.000000 0.840724 0.768886 0.768886 0.768886
4499.001953 0.000000 3745.220947 0.000000 0.184480 0.000000 -0.982836 0.864740 0.864740 0.864740
4498.402832 0.000000 3740.936523 0.000000 0.693819 0.000000 0.720150 0.771095 0.771095 0.771095
4482.734375 0.000000 3716.965088 0.000000 0.943764 0.000000 0.330621 0.787684 0.787684 0.787684
4516.658203 0.000000 3820.995850 0.000000 0.216013 0.000000 0.976391 0.795946 0.795946 0.795946
4577.113281 0.000000 3815.946777 0.000000 0.809802 0.000000 0.586703 0.787603 0.787603 0.787603
4606.804688 0.000000 3831.147949 0.000000 0.827809 0.000000 -0.561010 0.819271 0.819271 0.819271
4607.034668 0.000000 3821.928467 0.000000 0.989600 0.000000 -0.143848 0.804065 0.804065 0.804065
4573.541504 0.000000 3814.650635 0.000000 0.149797 0.000000 0.988717 0.753190 0.753190 0.753190
4604.324219 0.000000 3828.540283 0.000000 0.930068 0.000000 0.367387 0.774754 0.774754 0.774754
4166.280762 0.000000 3843.750000 0.000000 0.961965 0.000000 -0.273172 0.806797 0.806797 0.806797
4171.350586 0.000000 3854.491211 0.000000 0.997981 0.000000 0.063518 0.798324 0.798324 0.798324
4180.995117 0.000000 3865.326660 0.000000 0.741932 0.000000 0.670475 0.780627 0.780627 0.780627
4174.231934 0.000000 3850.227539 0.000000 0.271333 0.000000 0.962486 0.768938 0.768938 0.768938
4179.368652 0.000000 3860.541260 0.000000 0.892037 0.000000 0.451962 0.784265 0.784265 0.784265
4185.682129 0.000000 3866.901855 0.000000 0.725602 0.000000 0.688115 0.775901 0.775901 0.775901
4177.867188 0.000000 3852.370605 0.000000 0.501219 0.000000 0.865320 0.768670 0.768670 0.768670
4195.506348 0.000000 3876.203125 0.000000 0.991440 0.000000 -0.130562 0.804001 0.804001 0.804001
4203.294434 0.000000 3879.141113 0.000000 0.284348 0.000000 0.958721 0.753895 0.753895 0.753895
4180.272949 0.000000 3856.906006 0.000000 0.700665 0.000000 0.713490 0.771915 0.771915 0.771915
4193.500977 0.000000 3868.229492 0.000000 0.822076 0.000000 -0.569378 0.834117 0.834117 0.834117
4224.198730 0.000000 3873.228271 0.000000 0.883327 0.000000 -0.468758 0.805262 0.805262 0.805262
4226.247070 0.000000 3868.604736 0.000000 0.684315 0.000000 -0.729187 0.815178 0.815178 0.815178
4237.468262 0.000000 3888.721924 0.000000 0.993965 0.000000 -0.109696 0.803622 0.803622 0.803622
4231.651367 0.000000 3873.245850 0.000000 0.824305 0.000000 -0.566146 0.816587 0.816587 0.816587
4238.853516 0.000000 3879.722412 0.000000 0.786163 0.000000 -0.618019 0.822753 0.822753 0.822753
4227.901367 0.000000 3872.079590 0.000000 0.569591 0.000000 0.821928 0.758379 0.758379 0.758379
4235.085449 0.000000 3880.643311 0.000000 0.704887 0.000000 0.709320 0.761730 0.761730 0.761730
4235.268066 0.000000 3872.229980 0.000000 0.999955 0.000000 0.009538 0.799520 0.799520 0.799520
4231.922363 0.000000 3878.988037 0.000000 0.909091 0.000000 0.416598 0.777343 0.777343 0.777343
4237.512695 0.000000 3882.443848 0.000000 0.764954 0.000000 0.644085 0.757230 0.757230 0.757230
4230.010742 0.000000 3894.942627 0.000000 0.975907 0.000000 0.218186 0.783263 0.783263 0.783263
4231.025391 0.000000 3891.670898 0.000000 0.547192 0.000000 -0.837007 0.873093 0.873093 0.873093
4344.170898 0.000000 3878.658691 0.000000 0.002801 0.000000 0.999996 0.767118 0.767118 0.767118
4345.146484 0.000000 3886.757324 0.000000 0.853988 0.000000 0.520293 0.784918 0.784918 0.784918
4339.347656 0.000000 3880.769043 0.000000 0.497724 0.000000 0.867335 0.773581 0.773581 0.773581
4346.661133 0.000000 3894.623779 0.000000 0.633040 0.000000 0.774119 0.772416 0.772416 0.772416
4335.650879 0.000000 3878.511230 0.000000 0.593487 0.000000 -0.804844 0.842035 0.842035 0.842035
4335.998535 0.000000 3874.902832 0.000000 0.222780 0.000000 -0.974869 0.859686 0.859686 0.859686
4338.696289 0.000000 3970.480469 0.000000 0.979930 0.000000 -0.199343 0.806854 0.806854 0.806854
4333.000488 0.000000 3971.957275 0.000000 0.789282 0.000000 0.614031 0.777816 0.777816 0.777816
4343.381836 0.000000 3971.585449 0.000000 0.994210 0.000000 -0.107453 0.803483 0.803483 0.803483
4299.580078 0.000000 4036.621826 0.000000 0.867555 0.000000 -0.497341 0.815906 0.815906 0.815906
4322.571777 0.000000 4056.624756 0.000000 0.882708 0.000000 -0.469922 0.813483 0.813483 0.813483
4328.635742 0.000000 4061.170410 0.000000 0.810908 0.000000 0.585174 0.786517 0.786517 0.786517
4324.763672 0.000000 4060.055420 0.000000 0.996022 0.000000 0.089106 0.797113 0.797113 0.797113
4303.519043 0.000000 4038.571533 0.000000 0.961347 0.000000 -0.275340 0.809192 0.809192 0.809192
4407.374023 0.000000 3843.616699 0.000000 0.285563 0.000000 0.958360 0.753940 0.753940 0.753940
4414.655273 0.000000 3845.965332 0.000000 0.961602 0.000000 -0.274447 0.810661 0.810661 0.810661
4426.842773 0.000000 3839.849365 0.000000 0.882523 0.000000 0.470269 0.799120 0.799120 0.799120
4427.564453 0.000000 3844.668701 0.000000 0.893181 0.000000 0.449697 0.785747 0.785747 0.785747
4419.630371 0.000000 3840.316162 0.000000 0.857492 0.000000 0.514497 0.781867 0.781867 0.781867
4424.682129 0.000000 3845.962402 0.000000 0.850452 0.000000 -0.526052 0.831200 0.831200 0.831200
4425.123047 0.000000 3843.042969 0.000000 0.987458 0.000000 0.157881 0.791450 0.791450 0.791450
4420.822266 0.000000 3927.373291 0.000000 0.957960 0.000000 -0.286902 0.805928 0.805928 0.805928
4430.200684 0.000000 3914.211914 0.000000 0.140175 0.000000 -0.990127 0.836847 0.836847 0.836847
4426.633301 0.000000 3928.117920 0.000000 0.999248 0.000000 -0.038772 0.801115 0.801115 0.801115
4422.286133 0.000000 3917.950439 0.000000 0.479279 0.000000 0.877663 0.773049 0.773049 0.773049
4429.059570 0.000000 3923.830322 0.000000 0.896957 0.000000 -0.442117 0.815092 0.815092 0.815092
4433.835938 0.000000 3916.354980 0.000000 0.492737 0.000000 -0.870179 0.836051 0.836051 0.836051
4420.949707 0.000000 3921.369141 0.000000 0.954146 0.000000 0.299342 0.789253 0.789253 0.789253
4486.241699 0.000000 3843.750000 0.000000 0.338320 0.000000 -0.941031 0.825703 0.825703 0.825703
4486.278320 0.000000 3853.966064 0.000000 0.661548 0.000000 0.749903 0.774090 0.774090 0.774090
4491.556641 0.000000 3844.668701 0.000000 0.874834 0.000000 0.484423 0.781517 0.781517 0.781517
4485.441406 0.000000 3850.234619 0.000000 0.271060 0.000000 -0.962562 0.842719 0.842719 0.842719
4524.086914 0.000000 3915.705322 0.000000 0.645914 0.000000 0.763410 0.769815 0.769815 0.769815
4524.589355 0.000000 3912.908447 0.000000 0.967786 0.000000 -0.251776 0.815250 0.815250 0.815250
4374.950684 0.000000 3972.334229 0.000000 0.882701 0.000000 -0.469935 0.813484 0.813484 0.813484
4384.164062 0.000000 3973.076416 0.000000 0.772206 0.000000 -0.635372 0.819389 0.819389 0.819389
4376.927246 0.000000 3968.693848 0.000000 0.119958 0.000000 -0.992779 0.845195 0.845195 0.845195
4602.629883 0.000000 4022.592529 0.000000 0.999349 0.000000 -0.036067 0.801275 0.801275 0.801275
4557.363770 0.000000 3984.615967 0.000000 0.244301 0.000000 0.969699 0.688938 0.688938 0.688938
4554.842285 0.000000 3985.826660 0.000000 0.303207 0.000000 -0.952925 0.890035 0.890035 0.890035
4499.227051 0.000000 4079.353516 0.000000 0.979382 0.000000 0.202019 0.793296 0.793296 0.793296
4487.891113 0.000000 4070.941162 0.000000 0.837464 0.000000 0.546493 0.764665 0.764665 0.764665
4487.036621 0.000000 4077.664062 0.000000 0.954159 0.000000 0.299302 0.776142 0.776142 0.776142
4479.528320 0.000000 4062.091064 0.000000 0.927739 0.000000 0.373230 0.776166 0.776166 0.776166
4606.631836 0.000000 4037.918457 0.000000 0.752845 0.000000 0.658198 0.766855 0.766855 0.766855
4605.324707 0.000000 4035.172607 0.000000 0.993936 0.000000 -0.109962 0.806338 0.806338 0.806338
4615.694824 0.000000 3818.570557 0.000000 0.624433 0.000000 -0.781078 0.817724 0.817724 0.817724
4608.737793 0.000000 3831.624023 0.000000 0.202811 0.000000 -0.979218 0.839303 0.839303 0.839303
4619.496582 0.000000 3820.732178 0.000000 0.863423 0.000000 0.504481 0.781624 0.781624 0.781624
4615.020996 0.000000 3821.726562 0.000000 0.660502 0.000000 -0.750824 0.852415 0.852415 0.852415
4612.846680 0.000000 3825.371338 0.000000 0.999176 0.000000 0.040583 0.797470 0.797470 0.797470
4614.978516 0.000000 3827.686523 0.000000 0.999944 0.000000 -0.010543 0.800663 0.800663 0.800663
4628.940430 0.000000 3929.311035 0.000000 0.914796 0.000000 -0.403917 0.813204 0.813204 0.813204
4632.845215 0.000000 3939.777588 0.000000 0.360796 0.000000 -0.932645 0.826640 0.826640 0.826640
4622.806641 0.000000 3943.706787 0.000000 0.375802 0.000000 0.926700 0.773007 0.773007 0.773007
4633.627441 0.000000 3930.886230 0.000000 0.576657 0.000000 0.816986 0.763334 0.763334 0.763334
4637.007812 0.000000 3926.680176 0.000000 0.580664 0.000000 -0.814143 0.832488 0.832488 0.832488
4635.006348 0.000000 3935.297119 0.000000 0.834488 0.000000 0.551026 0.775523 0.775523 0.775523
4638.515137 0.000000 3914.459229 0.000000 0.800197 0.000000 0.599737 0.784200 0.784200 0.784200
4632.723145 0.000000 3920.999268 0.000000 0.993928 0.000000 -0.110028 0.805153 0.805153 0.805153
4637.063477 0.000000 3922.460938 0.000000 0.289236 0.000000 -0.957258 0.861229 0.861229 0.861229
4626.986328 0.000000 3937.174072 0.000000 0.766113 0.000000 0.642706 0.779506 0.779506 0.779506
4626.387207 0.000000 3932.889648 0.000000 0.128924 0.000000 -0.991655 0.849232 0.849232 0.849232
4640.100586 0.000000 3918.450439 0.000000 0.678925 0.000000 0.734207 0.768383 0.768383 0.768383
4612.349609 0.000000 4020.452148 0.000000 0.419998 0.000000 0.907525 0.767971 0.767971 0.767971
4632.633789 0.000000 4027.115967 0.000000 0.935266 0.000000 -0.353946 0.813873 0.813873 0.813873
4624.814453 0.000000 4024.347412 0.000000 0.103703 0.000000 -0.994608 0.882619 0.882619 0.882619
4636.148438 0.000000 4025.728027 0.000000 0.993234 0.000000 -0.116134 0.804952 0.804952 0.804952
4619.946289 0.000000 4019.920654 0.000000 0.764722 0.000000 0.644360 0.759305 0.759305 0.759305
4621.059082 0.000000 4027.051270 0.000000 0.414642 0.000000 0.909985 0.728760 0.728760 0.728760
4610.923340 0.000000 4028.332764 0.000000 0.922790 0.000000 -0.385304 0.827965 0.827965 0.827965
4616.343750 0.000000 4025.677979 0.000000 0.838919 0.000000 -0.544256 0.826207 0.826207 0.826207
4639.641602 0.000000 4030.780518 0.000000 0.321727 0.000000 -0.946832 0.859593 0.859593 0.859593
4614.690918 0.000000 4028.327881 0.000000 0.217166 0.000000 -0.976135 0.881811 0.881811 0.881811
4638.298340 0.000000 4028.000977 0.000000 0.993278 0.000000 -0.115750 0.806117 0.806117 0.806117
4609.072266 0.000000 4020.750977 0.000000 0.080431 0.000000 -0.996760 0.891079 0.891079 0.891079
4611.283691 0.000000 4022.913330 0.000000 0.829562 0.000000 -0.558414 0.842954 0.842954 0.842954
4627.076660 0.000000 4040.039307 0.000000 0.890900 0.000000 0.454200 0.794633 0.794633 0.794633
4630.919434 0.000000 4036.318604 0.000000 0.336115 0.000000 -0.941821 0.823545 0.823545 0.823545
4631.727051 0.000000 4040.939209 0.000000 0.984555 0.000000 -0.175077 0.804640 0.804640 0.804640
4638.515137 0.000000 4042.427979 0.000000 0.005890 0.000000 0.999983 0.750305 0.750305 0.750305
4611.606934 0.000000 4032.269287 0.000000 0.873314 0.000000 0.487158 0.773476 0.773476 0.773476
4632.895996 0.000000 4032.678223 0.000000 0.739191 0.000000 0.673496 0.774764 0.774764 0.774764
4624.967773 0.000000 4031.021484 0.000000 0.587690 0.000000 -0.809086 0.857607 0.857607 0.857607
4610.718750 0.000000 4036.886963 0.000000 0.087454 0.000000 -0.996168 0.859544 0.859544 0.859544
4627.801758 0.000000 4034.646240 0.000000 0.487776 0.000000 0.872969 0.745315 0.745315 0.745315
4607.462402 0.000000 4037.699463 0.000000 0.274686 0.000000 -0.961534 0.859633 0.859633 0.859633
4616.658691 0.000000 4037.915527 0.000000 0.116793 0.000000 -0.993156 0.911493 0.911493 0.911493
4616.584961 0.000000 4048.213623 0.000000 0.680760 0.000000 0.732507 0.741390 0.741390 0.741390
4621.845215 0.000000 4032.583740 0.000000 0.181623 0.000000 -0.983368 0.868203 0.868203 0.868203
4619.923828 0.000000 4039.883057 0.000000 0.407141 0.000000 0.913365 0.710999 0.710999 0.710999
4640.013672 0.000000 4032.821045 0.000000 0.868776 0.000000 -0.495205 0.830420 0.830420 0.830420
4621.355957 0.000000 4048.600342 0.000000 0.999687 0.000000 -0.025015 0.801649 0.801649 0.801649
4617.099609 0.000000 4034.996094 0.000000 0.415282 0.000000 0.909693 0.713058 0.713058 0.713058
4618.834473 0.000000 4049.811035 0.000000 0.578630 0.000000 -0.815590 0.878290 0.878290 0.878290
4717.567871 0.000000 4061.302002 0.000000 0.450645 0.000000 0.892703 0.789423 0.789423 0.789423
"}
