object={
	name="tree_jungle_01_c_generator_1_0"
	render_pass=Map
	clamp_to_water_level=no
	generated_content=yes
	layer="tree_high_layer"
	pdxmesh="tree_jungle_01_c_mesh"
	count=665
	transform="3017.994873 0.000000 1981.229126 0.000000 0.947550 0.000000 -0.319608 0.904386 0.904386 0.904386
3018.869385 0.000000 1979.081299 0.000000 0.426840 0.000000 0.904327 0.806074 0.806074 0.806074
3026.093262 0.000000 1987.627075 0.000000 0.258518 0.000000 0.966007 0.735255 0.735255 0.735255
3227.903564 0.000000 3172.565674 0.000000 0.994340 0.000000 -0.106248 0.905979 0.905979 0.905979
3235.149658 0.000000 3166.478027 0.000000 0.864717 0.000000 0.502260 0.866894 0.866894 0.866894
3227.786377 0.000000 3179.235596 0.000000 0.543615 0.000000 0.839335 0.837335 0.837335 0.837335
3230.607910 0.000000 3168.783936 0.000000 0.999800 0.000000 0.019981 0.898159 0.898159 0.898159
3237.116699 0.000000 3170.729980 0.000000 0.927372 0.000000 0.374141 0.865535 0.865535 0.865535
3243.054688 0.000000 3170.411133 0.000000 0.274924 0.000000 0.961466 0.769337 0.769337 0.769337
3234.528564 0.000000 3168.405273 0.000000 0.031466 0.000000 -0.999505 1.066018 1.066018 1.066018
3225.926270 0.000000 3170.210938 0.000000 0.993792 0.000000 -0.111251 0.912775 0.912775 0.912775
3230.647705 0.000000 3172.955566 0.000000 0.027004 0.000000 0.999635 0.723095 0.723095 0.723095
3231.587646 0.000000 3175.140869 0.000000 0.978928 0.000000 0.204204 0.879207 0.879207 0.879207
3233.278809 0.000000 3177.862305 0.000000 0.392633 0.000000 0.919695 0.740009 0.740009 0.740009
3243.967285 0.000000 3183.192383 0.000000 0.810398 0.000000 -0.585880 0.984389 0.984389 0.984389
3245.920654 0.000000 3180.182617 0.000000 0.842419 0.000000 0.538823 0.816893 0.816893 0.816893
3230.466553 0.000000 3176.190430 0.000000 0.856465 0.000000 0.516206 0.779344 0.779344 0.779344
3235.409668 0.000000 3187.608887 0.000000 0.069438 0.000000 -0.997586 1.213714 1.213714 1.213714
3239.458740 0.000000 3185.193115 0.000000 0.621988 0.000000 -0.783026 1.108175 1.108175 1.108175
3240.520996 0.000000 3177.375488 0.000000 0.211004 0.000000 0.977485 0.524639 0.524639 0.524639
3230.219971 0.000000 3177.983398 0.000000 0.960060 0.000000 0.279794 0.836920 0.836920 0.836920
3239.201172 0.000000 3182.668457 0.000000 0.638233 0.000000 0.769843 0.657184 0.657184 0.657184
3236.456299 0.000000 3185.364502 0.000000 0.475446 0.000000 -0.879745 1.177856 1.177856 1.177856
3238.877441 0.000000 3173.016357 0.000000 0.170000 0.000000 0.985444 0.553987 0.553987 0.553987
3231.227783 0.000000 3180.433838 0.000000 0.414740 0.000000 -0.909940 1.215927 1.215927 1.215927
3233.215576 0.000000 3179.094238 0.000000 0.877970 0.000000 -0.478716 1.039082 1.039082 1.039082
3238.234863 0.000000 3174.466309 0.000000 0.755899 0.000000 0.654688 0.683492 0.683492 0.683492
3239.044189 0.000000 3180.680420 0.000000 0.999594 0.000000 0.028495 0.890779 0.890779 0.890779
3237.502441 0.000000 3178.903564 0.000000 0.122991 0.000000 -0.992408 1.342321 1.342321 1.342321
3823.263428 0.000000 3434.861084 0.000000 0.807950 0.000000 0.589251 0.817881 0.817881 0.817881
3903.151123 0.000000 3498.865967 0.000000 0.448286 0.000000 0.893890 0.832906 0.832906 0.832906
3859.656006 0.000000 3511.622070 0.000000 0.649193 0.000000 0.760624 0.843684 0.843684 0.843684
3863.619385 0.000000 3509.450928 0.000000 0.610033 0.000000 0.792376 0.815736 0.815736 0.815736
3857.955566 0.000000 3504.096191 0.000000 0.305501 0.000000 -0.952192 1.154865 1.154865 1.154865
3859.866699 0.000000 3504.874268 0.000000 0.999880 0.000000 0.015469 0.896663 0.896663 0.896663
3861.000000 0.000000 3507.957520 0.000000 0.864936 0.000000 0.501882 0.783046 0.783046 0.783046
3861.823486 0.000000 3506.245117 0.000000 0.190451 0.000000 -0.981697 1.206787 1.206787 1.206787
3858.969727 0.000000 3506.961426 0.000000 0.904029 0.000000 -0.427472 1.000237 1.000237 1.000237
3909.856934 0.000000 3495.009277 0.000000 0.056888 0.000000 0.998381 0.723121 0.723121 0.723121
3911.016846 0.000000 3496.823486 0.000000 0.991131 0.000000 0.132892 0.886823 0.886823 0.886823
3907.335938 0.000000 3497.932373 0.000000 0.218363 0.000000 0.975868 0.739156 0.739156 0.739156
3876.285400 0.000000 3570.532471 0.000000 0.349486 0.000000 0.936942 0.804547 0.804547 0.804547
3874.984375 0.000000 3582.386719 0.000000 0.969189 0.000000 0.246319 0.877632 0.877632 0.877632
3871.016357 0.000000 3565.634033 0.000000 0.263357 0.000000 -0.964698 1.005502 1.005502 1.005502
3871.341309 0.000000 3561.362305 0.000000 0.129731 0.000000 0.991549 0.783464 0.783464 0.783464
3872.288574 0.000000 3563.969971 0.000000 0.733668 0.000000 0.679508 0.819425 0.819425 0.819425
3874.289307 0.000000 3557.855225 0.000000 0.240014 0.000000 0.970770 0.747775 0.747775 0.747775
3870.569580 0.000000 3556.861816 0.000000 0.915879 0.000000 0.401455 0.857303 0.857303 0.857303
3874.936523 0.000000 3560.827148 0.000000 0.874777 0.000000 0.484526 0.839764 0.839764 0.839764
3874.439697 0.000000 3576.770752 0.000000 0.893900 0.000000 -0.448267 0.948043 0.948043 0.948043
3877.749268 0.000000 3559.462402 0.000000 0.978894 0.000000 -0.204368 0.925435 0.925435 0.925435
3868.772705 0.000000 3552.288330 0.000000 0.567750 0.000000 -0.823201 1.021677 1.021677 1.021677
3872.068115 0.000000 3579.225830 0.000000 0.324310 0.000000 -0.945951 1.070025 1.070025 1.070025
3873.270508 0.000000 3582.032715 0.000000 0.944498 0.000000 -0.328518 0.948135 0.948135 0.948135
3771.918213 0.000000 3783.668213 0.000000 0.558463 0.000000 0.829529 0.825266 0.825266 0.825266
3772.893555 0.000000 3782.101807 0.000000 0.996836 0.000000 0.079486 0.889452 0.889452 0.889452
3773.863770 0.000000 3783.595459 0.000000 0.850048 0.000000 -0.526705 0.973537 0.973537 0.973537
3837.706543 0.000000 3826.164307 0.000000 0.221871 0.000000 -0.975076 0.918160 0.918160 0.918160
3839.158936 0.000000 3818.787842 0.000000 0.795192 0.000000 0.606358 0.860478 0.860478 0.860478
3779.772705 0.000000 3790.972168 0.000000 0.715469 0.000000 -0.698645 0.941711 0.941711 0.941711
3828.782959 0.000000 3818.931396 0.000000 0.989898 0.000000 -0.141783 0.911188 0.911188 0.911188
3832.248047 0.000000 3790.982910 0.000000 0.293721 0.000000 0.955891 0.811353 0.811353 0.811353
3781.013428 0.000000 3788.364258 0.000000 0.920333 0.000000 -0.391137 0.936118 0.936118 0.936118
3835.861572 0.000000 3806.392334 0.000000 0.914544 0.000000 0.404486 0.857896 0.857896 0.857896
3838.024902 0.000000 3813.099365 0.000000 0.390710 0.000000 0.920514 0.792272 0.792272 0.792272
3838.854492 0.000000 3809.342773 0.000000 0.977005 0.000000 0.213218 0.878275 0.878275 0.878275
3780.036133 0.000000 3784.736572 0.000000 0.861074 0.000000 0.508479 0.847265 0.847265 0.847265
3838.769043 0.000000 3806.674072 0.000000 0.630319 0.000000 0.776336 0.810130 0.810130 0.810130
3822.847412 0.000000 3812.690186 0.000000 0.988840 0.000000 0.148980 0.885888 0.885888 0.885888
3832.725586 0.000000 3808.823242 0.000000 0.973836 0.000000 0.227253 0.876305 0.876305 0.876305
3836.438721 0.000000 3800.494385 0.000000 0.860724 0.000000 -0.509073 0.962404 0.962404 0.962404
3835.182129 0.000000 3808.543457 0.000000 0.315832 0.000000 0.948815 0.770859 0.770859 0.770859
3826.787842 0.000000 3818.690674 0.000000 0.638400 0.000000 0.769705 0.803292 0.803292 0.803292
3818.833496 0.000000 3824.874512 0.000000 0.936564 0.000000 0.350496 0.857355 0.857355 0.857355
3776.984863 0.000000 3788.971436 0.000000 0.430319 0.000000 0.902677 0.765916 0.765916 0.765916
3828.974365 0.000000 3795.364502 0.000000 0.456951 0.000000 0.889492 0.771918 0.771918 0.771918
3830.487305 0.000000 3825.719482 0.000000 0.999243 0.000000 0.038901 0.895279 0.895279 0.895279
3834.024170 0.000000 3818.813232 0.000000 0.711695 0.000000 -0.702489 1.003255 1.003255 1.003255
3830.943604 0.000000 3813.377686 0.000000 0.022739 0.000000 0.999741 0.726084 0.726084 0.726084
3837.796143 0.000000 3797.554443 0.000000 0.985151 0.000000 -0.171691 0.923649 0.923649 0.923649
3832.212646 0.000000 3816.580811 0.000000 0.293181 0.000000 0.956057 0.739793 0.739793 0.739793
3819.896973 0.000000 3823.036133 0.000000 0.899308 0.000000 0.437316 0.847118 0.847118 0.847118
3779.311768 0.000000 3786.387939 0.000000 0.547600 0.000000 -0.836741 1.047005 1.047005 1.047005
3834.545654 0.000000 3823.929443 0.000000 0.533007 0.000000 -0.846111 1.024648 1.024648 1.024648
3824.427246 0.000000 3809.148926 0.000000 0.738541 0.000000 0.674209 0.801915 0.801915 0.801915
3821.850342 0.000000 3820.026367 0.000000 0.202033 0.000000 -0.979379 1.105845 1.105845 1.105845
3838.579346 0.000000 3795.414062 0.000000 0.834580 0.000000 0.550886 0.814792 0.814792 0.814792
3778.417969 0.000000 3789.877441 0.000000 0.184764 0.000000 -0.982783 1.083600 1.083600 1.083600
3826.929443 0.000000 3808.343262 0.000000 0.036114 0.000000 0.999348 0.634485 0.634485 0.634485
3776.350586 0.000000 3776.843506 0.000000 0.334072 0.000000 0.942548 0.703751 0.703751 0.703751
3827.772949 0.000000 3810.373535 0.000000 0.486906 0.000000 -0.873455 1.076621 1.076621 1.076621
3827.696045 0.000000 3815.083740 0.000000 0.383812 0.000000 0.923411 0.712254 0.712254 0.712254
3827.779297 0.000000 3813.414062 0.000000 0.302986 0.000000 0.952995 0.695681 0.695681 0.695681
3825.479492 0.000000 3817.872559 0.000000 0.994969 0.000000 -0.100186 0.916686 0.916686 0.916686
3833.382080 0.000000 3796.538086 0.000000 0.407731 0.000000 -0.913102 1.114620 1.114620 1.114620
3778.701416 0.000000 3779.434082 0.000000 0.109989 0.000000 -0.993933 1.165824 1.165824 1.165824
3834.666748 0.000000 3793.866943 0.000000 0.543585 0.000000 0.839354 0.669474 0.669474 0.669474
3834.989990 0.000000 3798.535889 0.000000 0.928699 0.000000 -0.370834 1.005848 1.005848 1.005848
3872.698242 0.000000 3590.940430 0.000000 0.331278 0.000000 0.943533 0.742068 0.742068 0.742068
3870.279541 0.000000 3586.123535 0.000000 0.443046 0.000000 0.896499 0.760106 0.760106 0.760106
3873.140625 0.000000 3583.646729 0.000000 0.322439 0.000000 -0.946590 1.078672 1.078672 1.078672
3873.236328 0.000000 3587.844727 0.000000 0.948273 0.000000 -0.317457 0.951535 0.951535 0.951535
3873.725098 0.000000 3589.748535 0.000000 0.579603 0.000000 0.814899 0.743759 0.743759 0.743759
3864.989746 0.000000 3648.771973 0.000000 0.719213 0.000000 -0.694789 0.922437 0.922437 0.922437
3869.987793 0.000000 3653.811035 0.000000 0.552976 0.000000 -0.833197 1.006218 1.006218 1.006218
3868.312500 0.000000 3660.363525 0.000000 0.611009 0.000000 0.791624 0.805587 0.805587 0.805587
3868.143311 0.000000 3652.902100 0.000000 0.228171 0.000000 0.973621 0.755415 0.755415 0.755415
3839.567871 0.000000 3811.724854 0.000000 0.245517 0.000000 0.969392 0.772201 0.772201 0.772201
3818.446045 0.000000 3927.663818 0.000000 0.608234 0.000000 -0.793758 0.947387 0.947387 0.947387
3804.507080 0.000000 3913.150391 0.000000 0.991288 0.000000 0.131716 0.889612 0.889612 0.889612
3811.083984 0.000000 3930.706543 0.000000 0.032109 0.000000 -0.999484 1.052119 1.052119 1.052119
3794.753174 0.000000 3914.330322 0.000000 0.533470 0.000000 0.845819 0.807131 0.807131 0.807131
3838.854492 0.000000 3937.311523 0.000000 0.889534 0.000000 0.456868 0.849894 0.849894 0.849894
3810.945068 0.000000 3908.746094 0.000000 0.929461 0.000000 -0.368921 0.942449 0.942449 0.942449
3802.106445 0.000000 3919.364990 0.000000 0.859846 0.000000 0.510554 0.833783 0.833783 0.833783
3803.018555 0.000000 3922.506104 0.000000 0.983150 0.000000 -0.182802 0.921479 0.921479 0.921479
3809.989258 0.000000 3919.107910 0.000000 0.484040 0.000000 0.875046 0.765929 0.765929 0.765929
3808.706055 0.000000 3910.862305 0.000000 0.419977 0.000000 -0.907535 1.030334 1.030334 1.030334
3801.703125 0.000000 3929.091797 0.000000 0.056318 0.000000 -0.998413 1.087154 1.087154 1.087154
3800.885254 0.000000 3908.592285 0.000000 0.913342 0.000000 0.407194 0.846289 0.846289 0.846289
3800.288330 0.000000 3919.043213 0.000000 0.337072 0.000000 0.941479 0.729071 0.729071 0.729071
3816.336426 0.000000 3921.139648 0.000000 0.881768 0.000000 -0.471684 0.960702 0.960702 0.960702
3833.084229 0.000000 3930.332031 0.000000 0.491632 0.000000 0.870803 0.748026 0.748026 0.748026
3813.103516 0.000000 3910.692871 0.000000 0.739159 0.000000 0.673531 0.808678 0.808678 0.808678
3798.311523 0.000000 3928.004639 0.000000 0.999544 0.000000 -0.030210 0.904481 0.904481 0.904481
3797.936768 0.000000 3921.468506 0.000000 0.669823 0.000000 -0.742521 1.009055 1.009055 1.009055
3801.138672 0.000000 3914.232666 0.000000 0.989366 0.000000 -0.145447 0.920662 0.920662 0.920662
3797.595947 0.000000 3907.393799 0.000000 0.881828 0.000000 0.471571 0.831590 0.831590 0.831590
3811.614258 0.000000 3915.867432 0.000000 0.567273 0.000000 0.823530 0.758683 0.758683 0.758683
3798.964600 0.000000 3924.743164 0.000000 0.414703 0.000000 0.909957 0.753590 0.753590 0.753590
3804.938965 0.000000 3924.723877 0.000000 0.990630 0.000000 -0.136575 0.919393 0.919393 0.919393
3819.637451 0.000000 3923.388428 0.000000 0.980537 0.000000 0.196337 0.872470 0.872470 0.872470
3834.431885 0.000000 3933.406006 0.000000 0.157801 0.000000 -0.987471 1.125309 1.125309 1.125309
3815.430908 0.000000 3919.374512 0.000000 0.081758 0.000000 0.996652 0.692579 0.692579 0.692579
3801.570557 0.000000 3915.914551 0.000000 0.417176 0.000000 0.908826 0.738563 0.738563 0.738563
3798.619385 0.000000 3929.565674 0.000000 0.543565 0.000000 -0.839367 1.047719 1.047719 1.047719
3796.069336 0.000000 3928.041016 0.000000 0.885207 0.000000 0.465198 0.820636 0.820636 0.820636
3806.672363 0.000000 3926.305908 0.000000 0.073169 0.000000 0.997320 0.674554 0.674554 0.674554
3805.832520 0.000000 3918.682861 0.000000 0.996925 0.000000 0.078363 0.887133 0.887133 0.887133
3799.765625 0.000000 3909.677490 0.000000 0.383238 0.000000 0.923650 0.714800 0.714800 0.714800
3810.608643 0.000000 3912.692139 0.000000 0.643385 0.000000 0.765543 0.758950 0.758950 0.758950
3799.753906 0.000000 3917.614746 0.000000 0.621475 0.000000 -0.783434 1.057762 1.057762 1.057762
3832.399902 0.000000 4021.891602 0.000000 0.998083 0.000000 0.061892 0.894990 0.894990 0.894990
3838.147461 0.000000 4009.232666 0.000000 0.427821 0.000000 -0.903863 1.057238 1.057238 1.057238
3832.212646 0.000000 4008.533936 0.000000 0.920476 0.000000 0.390800 0.844068 0.844068 0.844068
3834.545654 0.000000 4015.882568 0.000000 0.124831 0.000000 -0.992178 1.098140 1.098140 1.098140
3833.941895 0.000000 4007.143066 0.000000 0.938187 0.000000 0.346130 0.853939 0.853939 0.853939
3836.101074 0.000000 4018.810303 0.000000 0.832707 0.000000 -0.553714 0.976474 0.976474 0.976474
3830.595459 0.000000 4007.166992 0.000000 0.869768 0.000000 0.493461 0.821151 0.821151 0.821151
3847.312500 0.000000 3935.165527 0.000000 0.860007 0.000000 -0.510282 0.956552 0.956552 0.956552
3854.656006 0.000000 3938.020264 0.000000 0.879211 0.000000 -0.476433 0.956905 0.956905 0.956905
3840.255371 0.000000 3935.601318 0.000000 0.934286 0.000000 -0.356525 0.958975 0.958975 0.958975
3852.137451 0.000000 3996.665039 0.000000 0.747972 0.000000 -0.663730 0.916308 0.916308 0.916308
3867.877930 0.000000 3996.560059 0.000000 0.417387 0.000000 0.908729 0.823141 0.823141 0.823141
3857.155518 0.000000 4014.340576 0.000000 0.504946 0.000000 -0.863151 0.981903 0.981903 0.981903
3870.385254 0.000000 3992.588623 0.000000 0.603915 0.000000 0.797048 0.821244 0.821244 0.821244
3848.775391 0.000000 4014.833984 0.000000 0.972947 0.000000 0.231027 0.874332 0.874332 0.874332
3865.848145 0.000000 4002.007812 0.000000 0.159854 0.000000 0.987141 0.732059 0.732059 0.732059
3843.160645 0.000000 4024.950928 0.000000 0.732831 0.000000 0.680411 0.824337 0.824337 0.824337
3852.993408 0.000000 4008.098633 0.000000 0.997167 0.000000 0.075216 0.891204 0.891204 0.891204
3855.433105 0.000000 4015.107178 0.000000 0.653238 0.000000 -0.757153 1.006147 1.006147 1.006147
3851.230957 0.000000 3998.340576 0.000000 0.985832 0.000000 0.167738 0.881445 0.881445 0.881445
3848.975342 0.000000 4005.318848 0.000000 0.992622 0.000000 -0.121252 0.915021 0.915021 0.915021
3863.494629 0.000000 4002.564697 0.000000 0.238153 0.000000 0.971228 0.729620 0.729620 0.729620
3860.940674 0.000000 4005.642822 0.000000 0.979190 0.000000 0.202945 0.876122 0.876122 0.876122
3849.286621 0.000000 4000.307861 0.000000 0.570971 0.000000 -0.820970 1.012528 1.012528 1.012528
3853.513428 0.000000 4004.186768 0.000000 0.825949 0.000000 -0.563744 0.971322 0.971322 0.971322
3842.852051 0.000000 4021.219482 0.000000 0.669542 0.000000 0.742775 0.785252 0.785252 0.785252
3854.896240 0.000000 4005.712646 0.000000 0.153948 0.000000 -0.988079 1.110020 1.110020 1.110020
3845.915527 0.000000 4010.069580 0.000000 0.476383 0.000000 -0.879238 1.030342 1.030342 1.030342
3841.712158 0.000000 4014.189941 0.000000 0.536374 0.000000 0.843981 0.760043 0.760043 0.760043
3852.216553 0.000000 4014.715820 0.000000 0.373026 0.000000 0.927821 0.721077 0.721077 0.721077
3850.284668 0.000000 4013.893066 0.000000 0.966705 0.000000 0.255892 0.861626 0.861626 0.861626
3868.746826 0.000000 3995.010254 0.000000 0.895031 0.000000 0.446003 0.837676 0.837676 0.837676
3864.166992 0.000000 3999.023682 0.000000 0.516459 0.000000 -0.856312 1.040910 1.040910 1.040910
3863.462158 0.000000 3997.058594 0.000000 0.897325 0.000000 0.441371 0.832210 0.832210 0.832210
3856.782959 0.000000 4004.438965 0.000000 0.536930 0.000000 0.843627 0.705994 0.705994 0.705994
4155.958008 0.000000 3498.965820 0.000000 0.999996 0.000000 -0.002827 0.900013 0.900013 0.900013
4136.680664 0.000000 3504.740723 0.000000 0.984982 0.000000 -0.172659 0.914816 0.914816 0.914816
4153.179199 0.000000 3500.685791 0.000000 0.680158 0.000000 -0.733065 0.985044 0.985044 0.985044
4148.216309 0.000000 3503.883545 0.000000 0.165508 0.000000 -0.986208 1.064102 1.064102 1.064102
4139.857910 0.000000 3503.114258 0.000000 0.303794 0.000000 -0.952738 1.055972 1.055972 1.055972
4139.425293 0.000000 3493.406738 0.000000 0.919227 0.000000 0.393728 0.846352 0.846352 0.846352
4141.811035 0.000000 3500.104492 0.000000 0.800701 0.000000 0.599064 0.817735 0.817735 0.817735
4140.563477 0.000000 3497.139404 0.000000 0.885858 0.000000 0.463957 0.819782 0.819782 0.819782
4170.375977 0.000000 3512.228271 0.000000 0.938739 0.000000 0.344630 0.874702 0.874702 0.874702
4211.297852 0.000000 3517.189453 0.000000 0.209311 0.000000 -0.977849 1.034447 1.034447 1.034447
4209.108398 0.000000 3517.517578 0.000000 0.993346 0.000000 -0.115170 0.911930 0.911930 0.911930
4172.007324 0.000000 3513.296875 0.000000 0.649460 0.000000 0.760396 0.791296 0.791296 0.791296
4163.246094 0.000000 3504.495117 0.000000 0.849476 0.000000 -0.527627 0.962442 0.962442 0.962442
4172.880371 0.000000 3509.729248 0.000000 0.904386 0.000000 -0.426715 0.950518 0.950518 0.950518
4155.143066 0.000000 3552.605957 0.000000 0.742604 0.000000 0.669730 0.815907 0.815907 0.815907
4173.061523 0.000000 3558.091797 0.000000 0.985366 0.000000 -0.170451 0.911931 0.911931 0.911931
4173.145996 0.000000 3552.740479 0.000000 0.979126 0.000000 -0.203254 0.921155 0.921155 0.921155
4177.771484 0.000000 3559.694336 0.000000 0.365232 0.000000 -0.930916 1.039845 1.039845 1.039845
4165.787598 0.000000 3552.705566 0.000000 0.988378 0.000000 -0.152017 0.916802 0.916802 0.916802
4164.213379 0.000000 3548.749512 0.000000 0.883068 0.000000 -0.469245 0.968043 0.968043 0.968043
4166.444336 0.000000 3557.457520 0.000000 0.175368 0.000000 0.984503 0.705733 0.705733 0.705733
4168.307129 0.000000 3554.843018 0.000000 0.281743 0.000000 0.959490 0.674761 0.674761 0.674761
4299.764648 0.000000 3516.703125 0.000000 0.715095 0.000000 0.699028 0.809563 0.809563 0.809563
4308.691406 0.000000 3516.152100 0.000000 0.387531 0.000000 0.921857 0.752426 0.752426 0.752426
4299.991699 0.000000 3513.296875 0.000000 0.955072 0.000000 0.296373 0.864168 0.864168 0.864168
4300.864746 0.000000 3509.729248 0.000000 0.124381 0.000000 -0.992235 1.075458 1.075458 1.075458
4296.410156 0.000000 3515.663330 0.000000 0.076709 0.000000 0.997054 0.722085 0.722085 0.722085
4305.257812 0.000000 3516.198975 0.000000 0.328008 0.000000 -0.944675 1.061154 1.061154 1.061154
4302.206055 0.000000 3516.604736 0.000000 0.266433 0.000000 0.963854 0.727517 0.727517 0.727517
4298.019531 0.000000 3508.695801 0.000000 0.965769 0.000000 0.259404 0.865214 0.865214 0.865214
4305.075195 0.000000 3518.423096 0.000000 0.986074 0.000000 -0.166306 0.924402 0.924402 0.924402
4304.605469 0.000000 3506.283936 0.000000 0.993987 0.000000 0.109497 0.881018 0.881018 0.881018
4302.157227 0.000000 3510.650391 0.000000 0.896093 0.000000 -0.443867 0.983703 0.983703 0.983703
4322.571777 0.000000 3544.749756 0.000000 0.002857 0.000000 -0.999996 0.928184 0.928184 0.928184
4305.326172 0.000000 3551.176758 0.000000 0.954940 0.000000 -0.296799 0.923021 0.923021 0.923021
4306.789551 0.000000 3546.583984 0.000000 0.744146 0.000000 0.668017 0.842471 0.842471 0.842471
4306.690918 0.000000 3530.424072 0.000000 0.978782 0.000000 0.204902 0.878671 0.878671 0.878671
4301.130371 0.000000 3552.740479 0.000000 0.951969 0.000000 0.306195 0.865738 0.865738 0.865738
4300.698730 0.000000 3519.235107 0.000000 0.350998 0.000000 0.936376 0.750202 0.750202 0.750202
4305.899414 0.000000 3541.830566 0.000000 0.401924 0.000000 0.915673 0.769997 0.769997 0.769997
4300.401855 0.000000 3542.221924 0.000000 0.489045 0.000000 -0.872259 1.047638 1.047638 1.047638
4307.586914 0.000000 3526.419189 0.000000 0.367267 0.000000 -0.930116 1.039590 1.039590 1.039590
4309.166504 0.000000 3540.648438 0.000000 0.564318 0.000000 0.825558 0.775617 0.775617 0.775617
4311.550781 0.000000 3527.282471 0.000000 0.565742 0.000000 0.824582 0.771481 0.771481 0.771481
4305.383301 0.000000 3545.504639 0.000000 0.047398 0.000000 0.998876 0.708319 0.708319 0.708319
4310.601074 0.000000 3530.458740 0.000000 0.999210 0.000000 -0.039735 0.905358 0.905358 0.905358
4300.642090 0.000000 3523.558594 0.000000 0.728495 0.000000 -0.685051 1.020393 1.020393 1.020393
4324.602539 0.000000 3582.089111 0.000000 0.947542 0.000000 0.319631 0.834941 0.834941 0.834941
4307.373047 0.000000 3524.165527 0.000000 0.906146 0.000000 -0.422966 0.996163 0.996163 0.996163
4300.143555 0.000000 3526.051514 0.000000 0.808894 0.000000 -0.587955 1.028513 1.028513 1.028513
4300.926270 0.000000 3524.985107 0.000000 0.969296 0.000000 0.245898 0.841386 0.841386 0.841386
4302.043457 0.000000 3525.476807 0.000000 0.889153 0.000000 -0.457610 1.092233 1.092233 1.092233
4389.643066 0.000000 3521.654541 0.000000 0.000970 0.000000 1.000000 0.836510 0.836510 0.836510
4412.368652 0.000000 3544.556885 0.000000 0.996528 0.000000 -0.083259 0.908990 0.908990 0.908990
4411.112305 0.000000 3552.605957 0.000000 0.005041 0.000000 0.999987 0.734650 0.734650 0.734650
4405.496094 0.000000 3554.362549 0.000000 0.989252 0.000000 -0.146218 0.918794 0.918794 0.918794
4415.498047 0.000000 3555.787354 0.000000 0.968759 0.000000 -0.248005 0.924214 0.924214 0.924214
4156.298828 0.000000 3624.801514 0.000000 0.669230 0.000000 0.743055 0.832246 0.832246 0.832246
4157.194824 0.000000 3614.772461 0.000000 0.935734 0.000000 0.352705 0.827917 0.827917 0.827917
4157.522949 0.000000 3617.439697 0.000000 0.354870 0.000000 0.934916 0.631285 0.631285 0.631285
4159.700195 0.000000 3629.560303 0.000000 0.212569 0.000000 0.977146 0.860374 0.860374 0.860374
4164.980957 0.000000 3601.447266 0.000000 0.987401 0.000000 0.158239 0.895001 0.895001 0.895001
4185.160645 0.000000 3635.816162 0.000000 0.527872 0.000000 -0.849324 0.956998 0.956998 0.956998
4161.458496 0.000000 3632.022705 0.000000 0.151176 0.000000 0.988507 0.810724 0.810724 0.810724
4195.470703 0.000000 3642.322021 0.000000 0.883477 0.000000 0.468474 0.870421 0.870421 0.870421
4196.246582 0.000000 3634.516846 0.000000 0.693441 0.000000 -0.720513 0.963270 0.963270 0.963270
4185.988281 0.000000 3641.228027 0.000000 0.785273 0.000000 0.619149 0.842994 0.842994 0.842994
4166.213379 0.000000 3627.944824 0.000000 0.701955 0.000000 0.712222 0.816292 0.816292 0.816292
4165.825684 0.000000 3622.978027 0.000000 0.998378 0.000000 0.056933 0.893728 0.893728 0.893728
4183.735352 0.000000 3644.942871 0.000000 0.738231 0.000000 -0.674548 0.969867 0.969867 0.969867
4198.036133 0.000000 3633.635986 0.000000 0.561942 0.000000 0.827177 0.797135 0.797135 0.797135
4180.707031 0.000000 3644.120850 0.000000 0.995529 0.000000 0.094452 0.887885 0.887885 0.887885
4163.990234 0.000000 3617.728027 0.000000 0.405457 0.000000 -0.914114 1.151364 1.151364 1.151364
4160.933105 0.000000 3613.952148 0.000000 0.527802 0.000000 -0.849367 1.112051 1.112051 1.112051
4183.943359 0.000000 3659.579346 0.000000 0.468128 0.000000 -0.883660 0.977913 0.977913 0.977913
4183.341797 0.000000 3647.265869 0.000000 0.982581 0.000000 -0.185837 0.918060 0.918060 0.918060
4189.949219 0.000000 3653.811035 0.000000 0.210190 0.000000 0.977660 0.750374 0.750374 0.750374
4188.104492 0.000000 3652.902100 0.000000 0.776275 0.000000 0.630394 0.824907 0.824907 0.824907
4185.092285 0.000000 3658.295166 0.000000 0.943695 0.000000 0.330817 0.857575 0.857575 0.857575
4181.549316 0.000000 3651.456299 0.000000 0.888676 0.000000 0.458536 0.830430 0.830430 0.830430
4189.342285 0.000000 3655.508789 0.000000 0.994055 0.000000 -0.108875 0.914462 0.914462 0.914462
4186.926270 0.000000 3661.448242 0.000000 0.548510 0.000000 -0.836144 1.046844 1.046844 1.046844
4327.711914 0.000000 3595.159912 0.000000 0.915104 0.000000 -0.403218 0.909325 0.909325 0.909325
4335.864746 0.000000 3602.442627 0.000000 0.974619 0.000000 -0.223870 0.914205 0.914205 0.914205
4329.739746 0.000000 3596.844727 0.000000 0.009929 0.000000 0.999951 0.794787 0.794787 0.794787
4328.050781 0.000000 3593.096924 0.000000 0.867648 0.000000 0.497180 0.846219 0.846219 0.846219
4333.341797 0.000000 3586.133789 0.000000 0.489065 0.000000 -0.872247 1.009536 1.009536 1.009536
4329.945801 0.000000 3583.727539 0.000000 0.961179 0.000000 -0.275927 0.935803 0.935803 0.935803
4332.173828 0.000000 3600.311279 0.000000 0.344180 0.000000 -0.938904 1.094535 1.094535 1.094535
4327.758301 0.000000 3586.406250 0.000000 0.213801 0.000000 -0.976877 1.155804 1.155804 1.155804
4338.531250 0.000000 3665.838867 0.000000 0.955076 0.000000 0.296360 0.891887 0.891887 0.891887
4289.426758 0.000000 3706.270020 0.000000 0.979219 0.000000 -0.202807 0.912848 0.912848 0.912848
4329.122070 0.000000 3688.173584 0.000000 0.984205 0.000000 -0.177032 0.914396 0.914396 0.914396
4289.233398 0.000000 3710.170654 0.000000 0.459136 0.000000 -0.888366 0.983558 0.983558 0.983558
4347.562988 0.000000 3675.819092 0.000000 0.997916 0.000000 -0.064534 0.905224 0.905224 0.905224
4309.289062 0.000000 3696.423828 0.000000 0.999671 0.000000 0.025662 0.897463 0.897463 0.897463
4293.777832 0.000000 3695.488770 0.000000 0.358767 0.000000 -0.933427 1.008197 1.008197 1.008197
4308.635742 0.000000 3693.660156 0.000000 0.980648 0.000000 -0.195781 0.917710 0.917710 0.917710
4313.567383 0.000000 3691.297363 0.000000 0.537510 0.000000 -0.843257 1.008208 1.008208 1.008208
4295.800293 0.000000 3703.845947 0.000000 0.605815 0.000000 -0.795605 1.001291 1.001291 1.001291
4291.105957 0.000000 3705.029053 0.000000 0.748594 0.000000 0.663028 0.813680 0.813680 0.813680
4320.014160 0.000000 3698.397949 0.000000 0.455512 0.000000 -0.890230 1.020871 1.020871 1.020871
4345.921875 0.000000 3655.107910 0.000000 0.893405 0.000000 0.449251 0.842421 0.842421 0.842421
4318.515137 0.000000 3684.830566 0.000000 0.358886 0.000000 0.933381 0.753950 0.753950 0.753950
4319.455078 0.000000 3687.015869 0.000000 0.998944 0.000000 -0.045938 0.904853 0.904853 0.904853
4322.882324 0.000000 3688.795898 0.000000 0.999598 0.000000 -0.028337 0.903248 0.903248 0.903248
4299.991699 0.000000 3705.250000 0.000000 0.787330 0.000000 -0.616531 0.968663 0.968663 0.968663
4323.107910 0.000000 3694.244385 0.000000 0.997474 0.000000 0.071033 0.892173 0.892173 0.892173
4325.694824 0.000000 3687.431152 0.000000 0.686191 0.000000 0.727422 0.812149 0.812149 0.812149
4312.941406 0.000000 3697.886475 0.000000 0.397386 0.000000 -0.917652 1.043615 1.043615 1.043615
4291.279297 0.000000 3710.530029 0.000000 0.855295 0.000000 -0.518141 0.963639 0.963639 0.963639
4291.230469 0.000000 3696.448242 0.000000 0.969013 0.000000 0.247009 0.869156 0.869156 0.869156
4324.345703 0.000000 3691.229980 0.000000 0.880631 0.000000 0.473803 0.837892 0.837892 0.837892
4311.440430 0.000000 3682.642822 0.000000 0.077165 0.000000 0.997018 0.735563 0.735563 0.735563
4296.410156 0.000000 3707.616455 0.000000 0.487889 0.000000 -0.872906 1.035902 1.035902 1.035902
4348.823730 0.000000 3654.133057 0.000000 0.968884 0.000000 0.247513 0.869091 0.869091 0.869091
4343.436523 0.000000 3657.098633 0.000000 0.446517 0.000000 -0.894775 1.049364 1.049364 1.049364
4321.146484 0.000000 3689.737305 0.000000 0.424061 0.000000 -0.905634 1.062908 1.062908 1.062908
4314.175293 0.000000 3685.178223 0.000000 0.467585 0.000000 0.883948 0.770883 0.770883 0.770883
4290.797852 0.000000 3701.297607 0.000000 0.947129 0.000000 -0.320852 0.939631 0.939631 0.939631
4349.793457 0.000000 3655.626709 0.000000 0.724188 0.000000 -0.689602 0.994036 0.994036 0.994036
4340.090332 0.000000 3656.110840 0.000000 0.992405 0.000000 0.123012 0.883374 0.883374 0.883374
4292.649902 0.000000 3704.026855 0.000000 0.569542 0.000000 0.821962 0.767758 0.767758 0.767758
4342.818848 0.000000 3663.979492 0.000000 0.998047 0.000000 -0.062474 0.909411 0.909411 0.909411
4341.692383 0.000000 3660.576416 0.000000 0.568262 0.000000 0.822848 0.741487 0.741487 0.741487
4340.191895 0.000000 3662.037598 0.000000 0.022789 0.000000 0.999740 0.635657 0.635657 0.635657
4347.955078 0.000000 3657.398926 0.000000 0.912992 0.000000 0.407977 0.815964 0.815964 0.815964
4350.589844 0.000000 3664.254150 0.000000 0.013441 0.000000 0.999910 0.585071 0.585071 0.585071
4349.248535 0.000000 3666.601074 0.000000 0.564920 0.000000 -0.825146 1.124594 1.124594 1.124594
4349.187988 0.000000 3664.925537 0.000000 0.594167 0.000000 0.804341 0.677414 0.677414 0.677414
4347.070312 0.000000 3654.770508 0.000000 0.281586 0.000000 -0.959536 1.243677 1.243677 1.243677
4293.479980 0.000000 3713.326660 0.000000 0.411801 0.000000 0.911274 0.778939 0.778939 0.778939
4394.598145 0.000000 3646.361328 0.000000 0.763076 0.000000 -0.646309 1.053161 1.053161 1.053161
4402.591309 0.000000 3640.350830 0.000000 0.747517 0.000000 -0.664243 1.053438 1.053438 1.053438
4403.407227 0.000000 3642.202148 0.000000 0.936463 0.000000 0.350767 0.815447 0.815447 0.815447
4403.050781 0.000000 3643.876221 0.000000 0.656630 0.000000 -0.754212 1.101586 1.101586 1.101586
4454.891602 0.000000 3619.681885 0.000000 0.274147 0.000000 -0.961688 0.969731 0.969731 0.969731
4439.846191 0.000000 3626.134277 0.000000 0.108324 0.000000 -0.994116 0.978853 0.978853 0.978853
4423.001953 0.000000 3635.733398 0.000000 0.156369 0.000000 -0.987699 0.979415 0.979415 0.979415
4443.226562 0.000000 3622.587158 0.000000 0.943984 0.000000 -0.329991 0.932491 0.932491 0.932491
4446.499512 0.000000 3620.846191 0.000000 0.997412 0.000000 0.071896 0.891269 0.891269 0.891269
4448.027832 0.000000 3619.241455 0.000000 0.963928 0.000000 0.266164 0.863680 0.863680 0.863680
4451.487793 0.000000 3617.737305 0.000000 0.002687 0.000000 -0.999996 1.118449 1.118449 1.118449
4430.255371 0.000000 3628.083496 0.000000 0.282212 0.000000 -0.959352 1.102060 1.102060 1.102060
4448.111816 0.000000 3617.170898 0.000000 0.679915 0.000000 0.733291 0.777931 0.777931 0.777931
4427.960938 0.000000 3632.283691 0.000000 0.992727 0.000000 -0.120388 0.925489 0.925489 0.925489
4368.062012 0.000000 3650.864014 0.000000 0.366549 0.000000 -0.930399 0.913431 0.913431 0.913431
4369.843750 0.000000 3660.417480 0.000000 0.754894 0.000000 0.655847 0.880713 0.880713 0.880713
4357.457031 0.000000 3658.281494 0.000000 0.144129 0.000000 -0.989559 0.944862 0.944862 0.944862
4414.655273 0.000000 3654.012207 0.000000 0.714302 0.000000 -0.699837 0.926126 0.926126 0.926126
4351.493652 0.000000 3653.793213 0.000000 0.745288 0.000000 -0.666742 0.929517 0.929517 0.929517
4400.525879 0.000000 3652.861328 0.000000 0.153631 0.000000 -0.988128 0.957291 0.957291 0.957291
4390.899414 0.000000 3647.163330 0.000000 0.998904 0.000000 -0.046806 0.902525 0.902525 0.902525
4380.437012 0.000000 3657.212891 0.000000 0.968671 0.000000 -0.248347 0.917481 0.917481 0.917481
4356.943359 0.000000 3660.395508 0.000000 0.786093 0.000000 0.618108 0.837118 0.837118 0.837118
4358.565430 0.000000 3663.856934 0.000000 0.606667 0.000000 -0.794956 1.011497 1.011497 1.011497
4376.815430 0.000000 3652.654785 0.000000 0.715661 0.000000 0.698448 0.804445 0.804445 0.804445
4364.200195 0.000000 3657.802246 0.000000 0.338710 0.000000 -0.940891 1.048662 1.048662 1.048662
4362.361816 0.000000 3660.878174 0.000000 0.785266 0.000000 0.619159 0.812989 0.812989 0.812989
4385.663086 0.000000 3653.732910 0.000000 0.954978 0.000000 0.296677 0.849918 0.849918 0.849918
4399.817871 0.000000 3647.139648 0.000000 0.685908 0.000000 -0.727688 1.061136 1.061136 1.061136
4398.277832 0.000000 3647.175049 0.000000 0.455543 0.000000 -0.890214 1.117067 1.117067 1.117067
4359.657227 0.000000 3661.350830 0.000000 0.935464 0.000000 -0.353422 0.983599 0.983599 0.983599
4395.924805 0.000000 3651.205078 0.000000 0.873997 0.000000 -0.485931 1.002612 1.002612 1.002612
4395.045898 0.000000 3648.491699 0.000000 0.734190 0.000000 -0.678944 1.071045 1.071045 1.071045
4394.103027 0.000000 3649.798828 0.000000 0.989280 0.000000 0.146031 0.866412 0.866412 0.866412
4396.148926 0.000000 3648.876221 0.000000 0.527709 0.000000 -0.849425 1.185045 1.185045 1.185045
4444.171875 0.000000 3705.806152 0.000000 0.152965 0.000000 0.988232 0.861788 0.861788 0.861788
4415.533203 0.000000 3656.358398 0.000000 0.957864 0.000000 0.287223 0.877744 0.877744 0.877744
4466.739258 0.000000 3699.454834 0.000000 0.617024 0.000000 -0.786945 0.985484 0.985484 0.985484
4446.244141 0.000000 3705.162842 0.000000 0.682177 0.000000 -0.731187 0.973704 0.973704 0.973704
4473.858398 0.000000 3707.610840 0.000000 0.921061 0.000000 0.389418 0.855961 0.855961 0.855961
4461.844238 0.000000 3710.766846 0.000000 0.659428 0.000000 0.751768 0.808247 0.808247 0.808247
4464.716797 0.000000 3701.609131 0.000000 0.434439 0.000000 0.900701 0.781578 0.781578 0.781578
4469.744141 0.000000 3706.181885 0.000000 0.967425 0.000000 0.253159 0.866645 0.866645 0.866645
4461.664551 0.000000 3701.437988 0.000000 0.428895 0.000000 0.903354 0.765728 0.765728 0.765728
4467.783203 0.000000 3703.091553 0.000000 0.250150 0.000000 0.968207 0.748973 0.748973 0.748973
4463.917969 0.000000 3707.509277 0.000000 0.948784 0.000000 -0.315927 0.939722 0.939722 0.939722
4456.294922 0.000000 3704.292725 0.000000 0.473128 0.000000 -0.880994 1.052590 1.052590 1.052590
4466.144043 0.000000 3705.725342 0.000000 0.918657 0.000000 -0.395057 0.949277 0.949277 0.949277
4449.200684 0.000000 3710.001465 0.000000 0.981536 0.000000 -0.191278 0.923784 0.923784 0.923784
4444.515137 0.000000 3707.726318 0.000000 0.215160 0.000000 0.976579 0.699217 0.699217 0.699217
4454.774414 0.000000 3701.290527 0.000000 0.592695 0.000000 0.805427 0.750617 0.750617 0.750617
4454.934570 0.000000 3705.295654 0.000000 0.990814 0.000000 0.135230 0.878970 0.878970 0.878970
4478.950684 0.000000 3710.709961 0.000000 0.000724 0.000000 1.000000 0.370832 0.370832 0.370832
4469.183594 0.000000 3714.136719 0.000000 0.459087 0.000000 -0.888391 0.978647 0.978647 0.978647
4446.172852 0.000000 3724.915039 0.000000 0.845118 0.000000 -0.534580 0.940553 0.940553 0.940553
4473.884277 0.000000 3715.390869 0.000000 0.213976 0.000000 -0.976839 1.003526 1.003526 1.003526
4442.024414 0.000000 3720.704834 0.000000 0.894378 0.000000 0.447312 0.858319 0.858319 0.858319
4444.242676 0.000000 3724.347900 0.000000 0.021970 0.000000 -0.999759 1.049642 1.049642 1.049642
4452.938477 0.000000 3711.734619 0.000000 0.563879 0.000000 -0.825857 1.006984 1.006984 1.006984
4471.962891 0.000000 3733.282471 0.000000 0.463259 0.000000 -0.886223 1.017463 1.017463 1.017463
4468.896484 0.000000 3731.380127 0.000000 0.437808 0.000000 0.899068 0.769417 0.769417 0.769417
4449.844727 0.000000 3713.116211 0.000000 0.002853 0.000000 -0.999996 1.114903 1.114903 1.114903
4472.613281 0.000000 3731.015869 0.000000 0.999662 0.000000 -0.025980 0.903036 0.903036 0.903036
4446.209473 0.000000 3714.092285 0.000000 0.718748 0.000000 -0.695271 0.996735 0.996735 0.996735
4464.035156 0.000000 3728.736084 0.000000 0.221270 0.000000 -0.975213 1.093798 1.093798 1.093798
4467.102051 0.000000 3731.353271 0.000000 0.628681 0.000000 -0.777663 1.052140 1.052140 1.052140
4478.878906 0.000000 3719.254639 0.000000 0.881216 0.000000 -0.472714 1.039394 1.039394 1.039394
4476.280762 0.000000 3714.866211 0.000000 0.836564 0.000000 0.547870 0.700674 0.700674 0.700674
4477.896973 0.000000 3712.657471 0.000000 0.316031 0.000000 0.948749 0.470539 0.470539 0.470539
4476.203613 0.000000 3711.149902 0.000000 0.992525 0.000000 0.122044 0.859589 0.859589 0.859589
4478.732910 0.000000 3716.958008 0.000000 0.999986 0.000000 0.005301 0.898190 0.898190 0.898190
4414.576172 0.000000 3828.908936 0.000000 0.436840 0.000000 0.899539 0.806996 0.806996 0.806996
4398.731934 0.000000 3825.541016 0.000000 0.181840 0.000000 -0.983328 1.009149 1.009149 1.009149
4403.274414 0.000000 3837.111328 0.000000 0.830066 0.000000 -0.557666 0.949180 0.949180 0.949180
4412.863770 0.000000 3830.606934 0.000000 0.901858 0.000000 0.432032 0.852822 0.852822 0.852822
4400.724609 0.000000 3829.577881 0.000000 0.332958 0.000000 0.942942 0.767197 0.767197 0.767197
4405.470703 0.000000 3831.756592 0.000000 0.895647 0.000000 0.444765 0.843041 0.843041 0.843041
4405.751953 0.000000 3834.150635 0.000000 0.342296 0.000000 -0.939592 1.050944 1.050944 1.050944
4407.227539 0.000000 3837.807129 0.000000 0.371880 0.000000 -0.928281 1.044357 1.044357 1.044357
4402.151855 0.000000 3833.694092 0.000000 0.627484 0.000000 -0.778630 1.016308 1.016308 1.016308
4408.374023 0.000000 3833.953613 0.000000 0.946445 0.000000 -0.322864 0.946537 0.946537 0.946537
4412.773438 0.000000 3837.530029 0.000000 0.998643 0.000000 0.052086 0.893092 0.893092 0.893092
4407.440918 0.000000 3822.499268 0.000000 0.998412 0.000000 0.056341 0.891640 0.891640 0.891640
4405.313965 0.000000 3824.809814 0.000000 0.558958 0.000000 0.829196 0.708886 0.708886 0.708886
4423.628418 0.000000 3804.402588 0.000000 0.842160 0.000000 -0.539228 0.901280 0.901280 0.901280
4429.320312 0.000000 3788.109863 0.000000 0.807536 0.000000 0.589818 0.829129 0.829129 0.829129
4419.090332 0.000000 3832.997803 0.000000 0.891602 0.000000 -0.452820 0.949626 0.949626 0.949626
4422.760254 0.000000 3781.626465 0.000000 0.606609 0.000000 0.795001 0.798819 0.798819 0.798819
4419.263672 0.000000 3838.498779 0.000000 0.262931 0.000000 0.964815 0.735830 0.735830 0.735830
4426.082031 0.000000 3795.555176 0.000000 0.436673 0.000000 0.899620 0.759213 0.759213 0.759213
4428.386230 0.000000 3798.159424 0.000000 0.111635 0.000000 -0.993749 1.073737 1.073737 1.073737
4429.117676 0.000000 3790.683350 0.000000 0.462190 0.000000 0.886781 0.775057 0.775057 0.775057
4424.755371 0.000000 3800.008545 0.000000 0.251658 0.000000 -0.967816 1.089300 1.089300 1.089300
4422.540039 0.000000 3829.346924 0.000000 0.772274 0.000000 0.635290 0.794823 0.794823 0.794823
4425.815918 0.000000 3780.598145 0.000000 0.581705 0.000000 0.813400 0.744182 0.744182 0.744182
4425.145020 0.000000 3793.917969 0.000000 0.143052 0.000000 -0.989715 1.092413 1.092413 1.092413
4426.733398 0.000000 3785.051758 0.000000 0.863331 0.000000 0.504638 0.808484 0.808484 0.808484
4513.461914 0.000000 3740.260742 0.000000 0.336248 0.000000 -0.941773 0.946901 0.946901 0.946901
4518.942871 0.000000 3752.878662 0.000000 0.603085 0.000000 -0.797677 0.987144 0.987144 0.987144
4498.573242 0.000000 3730.441162 0.000000 0.138225 0.000000 0.990401 0.787376 0.787376 0.787376
4516.960449 0.000000 3746.589355 0.000000 0.933839 0.000000 -0.357695 0.931232 0.931232 0.931232
4517.525391 0.000000 3749.256592 0.000000 0.192842 0.000000 -0.981230 1.042296 1.042296 1.042296
4489.202148 0.000000 3726.182861 0.000000 0.513020 0.000000 0.858377 0.791006 0.791006 0.791006
4514.372559 0.000000 3744.264648 0.000000 0.733195 0.000000 -0.680018 0.977289 0.977289 0.977289
4481.469727 0.000000 3722.667725 0.000000 0.758243 0.000000 -0.651972 0.974998 0.974998 0.974998
4487.444824 0.000000 3722.539795 0.000000 0.711638 0.000000 -0.702546 0.985763 0.985763 0.985763
4490.616699 0.000000 3718.492188 0.000000 0.112031 0.000000 -0.993705 1.054026 1.054026 1.054026
4514.211426 0.000000 3749.808350 0.000000 0.933702 0.000000 0.358052 0.858862 0.858862 0.858862
4486.752441 0.000000 3717.642090 0.000000 0.972367 0.000000 -0.233457 0.927001 0.927001 0.927001
4484.817871 0.000000 3717.122559 0.000000 0.835189 0.000000 -0.549962 0.964112 0.964112 0.964112
4499.681152 0.000000 3734.437500 0.000000 0.584194 0.000000 -0.811614 1.008508 1.008508 1.008508
4499.634766 0.000000 3747.056152 0.000000 0.647427 0.000000 0.762127 0.789013 0.789013 0.789013
4497.875977 0.000000 3733.783691 0.000000 0.517738 0.000000 -0.855539 1.013026 1.013026 1.013026
4512.020020 0.000000 3747.210205 0.000000 0.566134 0.000000 -0.824313 1.006683 1.006683 1.006683
4508.694824 0.000000 3744.241455 0.000000 0.727018 0.000000 -0.686619 1.005432 1.005432 1.005432
4496.381348 0.000000 3735.889160 0.000000 0.841939 0.000000 0.539573 0.828288 0.828288 0.828288
4493.109863 0.000000 3726.698975 0.000000 0.720971 0.000000 0.692966 0.808829 0.808829 0.808829
4483.226074 0.000000 3722.403564 0.000000 0.989747 0.000000 0.142832 0.879712 0.879712 0.879712
4497.359863 0.000000 3737.457764 0.000000 0.708393 0.000000 -0.705818 1.012679 1.012679 1.012679
4494.945312 0.000000 3732.213623 0.000000 0.907699 0.000000 -0.419623 0.962270 0.962270 0.962270
4509.520996 0.000000 3740.770508 0.000000 0.867578 0.000000 -0.497301 0.977185 0.977185 0.977185
4508.260742 0.000000 3742.184814 0.000000 0.733183 0.000000 -0.680032 1.014256 1.014256 1.014256
4480.069336 0.000000 3719.016113 0.000000 0.066541 0.000000 0.997784 0.568781 0.568781 0.568781
4480.877441 0.000000 3713.788574 0.000000 0.934214 0.000000 -0.356713 1.018834 1.018834 1.018834
4481.641602 0.000000 3717.080566 0.000000 0.437075 0.000000 0.899425 0.533096 0.533096 0.533096
4505.158203 0.000000 3830.869873 0.000000 0.733977 0.000000 -0.679175 0.910066 0.910066 0.910066
4516.891602 0.000000 3829.856689 0.000000 0.173783 0.000000 0.984784 0.821576 0.821576 0.821576
4602.629883 0.000000 3830.639404 0.000000 0.326852 0.000000 0.945075 0.869406 0.869406 0.869406
4607.077637 0.000000 3833.596680 0.000000 0.924234 0.000000 -0.381826 0.932570 0.932570 0.932570
4602.203613 0.000000 3827.998779 0.000000 0.960187 0.000000 -0.279358 0.922901 0.922901 0.922901
4575.423828 0.000000 3814.984619 0.000000 0.422405 0.000000 0.906407 0.782721 0.782721 0.782721
4602.452148 0.000000 3823.929443 0.000000 0.865906 0.000000 -0.500206 0.963558 0.963558 0.963558
4574.302734 0.000000 3816.034180 0.000000 0.999802 0.000000 0.019922 0.895881 0.895881 0.895881
4575.955078 0.000000 3818.533691 0.000000 0.977139 0.000000 0.212603 0.853307 0.853307 0.853307
4605.355957 0.000000 3824.583740 0.000000 0.527117 0.000000 -0.849793 1.155576 1.155576 1.155576
4190.208496 0.000000 3874.871338 0.000000 0.491991 0.000000 0.870600 0.890505 0.890505 0.890505
4171.978516 0.000000 3847.929932 0.000000 0.987279 0.000000 -0.158995 0.906458 0.906458 0.906458
4185.003418 0.000000 3869.531494 0.000000 0.840860 0.000000 0.541253 0.861448 0.861448 0.861448
4186.443359 0.000000 3863.309326 0.000000 0.914581 0.000000 -0.404402 0.924321 0.924321 0.924321
4175.880859 0.000000 3851.590576 0.000000 0.999263 0.000000 -0.038377 0.903450 0.903450 0.903450
4176.727539 0.000000 3854.108887 0.000000 0.465544 0.000000 -0.885025 1.017185 1.017185 1.017185
4167.483887 0.000000 3850.508545 0.000000 0.928157 0.000000 -0.372188 0.936846 0.936846 0.936846
4194.250488 0.000000 3877.777100 0.000000 0.301588 0.000000 0.953438 0.755106 0.755106 0.755106
4166.791504 0.000000 3845.610840 0.000000 0.614005 0.000000 0.789302 0.801891 0.801891 0.801891
4164.856934 0.000000 3845.091309 0.000000 0.992929 0.000000 0.118710 0.886097 0.886097 0.886097
4179.720215 0.000000 3862.406250 0.000000 0.701123 0.000000 -0.713040 0.985615 0.985615 0.985615
4201.191895 0.000000 3878.123779 0.000000 0.486724 0.000000 0.873556 0.766315 0.766315 0.766315
4185.656738 0.000000 3865.107422 0.000000 0.678223 0.000000 -0.734856 1.011282 1.011282 1.011282
4174.986328 0.000000 3855.632324 0.000000 0.967634 0.000000 -0.252359 0.932100 0.932100 0.932100
4184.045898 0.000000 3866.191406 0.000000 0.999850 0.000000 -0.017304 0.902061 0.902061 0.902061
4181.890137 0.000000 3857.484131 0.000000 0.738632 0.000000 -0.674109 0.998067 0.998067 0.998067
4203.417969 0.000000 3877.312988 0.000000 0.514352 0.000000 -0.857579 1.052825 1.052825 1.052825
4170.385254 0.000000 3852.831299 0.000000 0.998957 0.000000 -0.045652 0.906977 0.906977 0.906977
4165.219727 0.000000 3839.608643 0.000000 0.831045 0.000000 0.556204 0.823136 0.823136 0.823136
4200.652344 0.000000 3875.270752 0.000000 0.603896 0.000000 0.797063 0.773573 0.773573 0.773573
4189.560059 0.000000 3868.739258 0.000000 0.790177 0.000000 -0.612879 1.014135 1.014135 1.014135
4188.299805 0.000000 3870.153564 0.000000 0.512687 0.000000 -0.858576 1.057752 1.057752 1.057752
4182.572754 0.000000 3865.581299 0.000000 0.603344 0.000000 0.797481 0.754811 0.754811 0.754811
4160.304199 0.000000 3840.827881 0.000000 0.791057 0.000000 -0.611743 1.002054 1.002054 1.002054
4172.171875 0.000000 3853.154541 0.000000 0.311314 0.000000 -0.950307 1.105721 1.105721 1.105721
4162.808594 0.000000 3839.142090 0.000000 0.999964 0.000000 -0.008430 0.901591 0.901591 0.901591
4191.217773 0.000000 3870.827148 0.000000 0.225556 0.000000 -0.974230 1.219930 1.219930 1.219930
4193.958984 0.000000 3871.047363 0.000000 0.985798 0.000000 -0.167936 0.947391 0.947391 0.947391
4190.801758 0.000000 3868.574463 0.000000 0.117306 0.000000 0.993096 0.547355 0.547355 0.547355
4226.292969 0.000000 3879.004639 0.000000 0.692246 0.000000 0.721661 0.860148 0.860148 0.860148
4230.205566 0.000000 3883.882324 0.000000 0.987141 0.000000 0.159849 0.883407 0.883407 0.883407
4229.779785 0.000000 3872.627441 0.000000 0.858832 0.000000 -0.512257 0.961629 0.961629 0.961629
4235.184082 0.000000 3870.371826 0.000000 0.963667 0.000000 -0.267107 0.931592 0.931592 0.931592
4233.240234 0.000000 3872.339111 0.000000 0.976127 0.000000 0.217202 0.871959 0.871959 0.871959
4227.776367 0.000000 3875.550293 0.000000 0.260448 0.000000 0.965488 0.729632 0.729632 0.729632
4228.052246 0.000000 3878.798584 0.000000 0.807539 0.000000 -0.589814 0.977957 0.977957 0.977957
4235.934082 0.000000 3882.081299 0.000000 0.848127 0.000000 0.529793 0.798380 0.798380 0.798380
4235.315430 0.000000 3873.854248 0.000000 0.860083 0.000000 0.510154 0.798956 0.798956 0.798956
4235.193848 0.000000 3875.382568 0.000000 0.996316 0.000000 0.085759 0.886109 0.886109 0.886109
4229.638672 0.000000 3891.200439 0.000000 0.825438 0.000000 -0.564492 1.023991 1.023991 1.023991
4239.350586 0.000000 3885.711670 0.000000 0.588543 0.000000 -0.808466 1.084052 1.084052 1.084052
4233.031250 0.000000 3879.564941 0.000000 0.689074 0.000000 0.724691 0.672337 0.672337 0.672337
4331.278809 0.000000 3879.141113 0.000000 0.832602 0.000000 -0.553871 0.918465 0.918465 0.918465
4340.720703 0.000000 3882.915771 0.000000 0.419715 0.000000 0.907656 0.818201 0.818201 0.818201
4341.660156 0.000000 3891.409180 0.000000 0.807596 0.000000 -0.589736 0.951019 0.951019 0.951019
4346.234863 0.000000 3891.983154 0.000000 0.915230 0.000000 -0.402931 0.942864 0.942864 0.942864
4345.156250 0.000000 3884.592041 0.000000 0.901259 0.000000 0.433280 0.852676 0.852676 0.852676
4345.874023 0.000000 3899.563965 0.000000 0.986872 0.000000 -0.161507 0.917131 0.917131 0.917131
4342.425293 0.000000 3889.703857 0.000000 0.187530 0.000000 -0.982259 1.058383 1.058383 1.058383
4348.195801 0.000000 3889.071777 0.000000 0.647099 0.000000 0.762406 0.759736 0.759736 0.759736
4348.038574 0.000000 3890.841553 0.000000 0.117166 0.000000 0.993112 0.687739 0.687739 0.687739
4332.593262 0.000000 3873.790527 0.000000 0.133588 0.000000 0.991037 0.674015 0.674015 0.674015
4349.505859 0.000000 3886.240723 0.000000 0.630091 0.000000 -0.776521 1.055826 1.055826 1.055826
4344.823730 0.000000 3903.117432 0.000000 0.446388 0.000000 0.894840 0.810370 0.810370 0.810370
4339.282227 0.000000 3965.080078 0.000000 0.859020 0.000000 0.511942 0.846866 0.846866 0.846866
4333.859863 0.000000 3966.704346 0.000000 0.335263 0.000000 -0.942125 1.035300 1.035300 1.035300
4331.419434 0.000000 3969.741455 0.000000 0.725670 0.000000 -0.688043 0.946033 0.946033 0.946033
4333.196289 0.000000 3968.261230 0.000000 0.504187 0.000000 0.863595 0.773529 0.773529 0.773529
4297.138672 0.000000 4034.996094 0.000000 0.043236 0.000000 0.999065 0.821059 0.821059 0.821059
4327.009766 0.000000 4064.317139 0.000000 0.996808 0.000000 0.079838 0.893535 0.893535 0.893535
4322.395996 0.000000 4064.186523 0.000000 0.967312 0.000000 -0.253590 0.923619 0.923619 0.923619
4301.494629 0.000000 4038.228271 0.000000 0.111106 0.000000 -0.993809 1.057404 1.057404 1.057404
4298.640137 0.000000 4038.414062 0.000000 0.942940 0.000000 -0.332963 0.936609 0.936609 0.936609
4303.985352 0.000000 4032.854736 0.000000 0.631605 0.000000 -0.775291 0.995683 0.995683 0.995683
4304.374512 0.000000 4036.609131 0.000000 0.015325 0.000000 0.999883 0.718261 0.718261 0.718261
4305.937500 0.000000 4035.127197 0.000000 0.712606 0.000000 -0.701564 0.989105 0.989105 0.989105
4302.259277 0.000000 4034.430664 0.000000 0.533105 0.000000 0.846049 0.773101 0.773101 0.773101
4297.392578 0.000000 4039.583496 0.000000 0.660345 0.000000 -0.750962 1.025979 1.025979 1.025979
4329.758789 0.000000 4054.094727 0.000000 0.987749 0.000000 -0.156053 0.926406 0.926406 0.926406
4408.996094 0.000000 3845.388672 0.000000 0.196355 0.000000 -0.980533 1.041926 1.041926 1.041926
4351.470703 0.000000 3897.451416 0.000000 0.069633 0.000000 -0.997573 1.055150 1.055150 1.055150
4413.785645 0.000000 3847.579834 0.000000 0.015392 0.000000 -0.999882 1.134153 1.134153 1.134153
4415.055664 0.000000 3843.902832 0.000000 0.999778 0.000000 0.021088 0.897252 0.897252 0.897252
4411.645508 0.000000 3843.773926 0.000000 0.680038 0.000000 0.733177 0.794598 0.794598 0.794598
4422.972168 0.000000 3848.535156 0.000000 0.479463 0.000000 0.877562 0.810983 0.810983 0.810983
4421.464355 0.000000 3841.295410 0.000000 0.571852 0.000000 0.820357 0.796244 0.796244 0.796244
4417.387207 0.000000 3846.433105 0.000000 0.810572 0.000000 0.585639 0.831115 0.831115 0.831115
4416.829102 0.000000 3844.147461 0.000000 0.999331 0.000000 -0.036586 0.903947 0.903947 0.903947
4420.825684 0.000000 3845.091309 0.000000 0.766915 0.000000 0.641748 0.824852 0.824852 0.824852
4417.690430 0.000000 3840.092529 0.000000 0.647480 0.000000 -0.762082 1.007084 1.007084 1.007084
4419.328125 0.000000 3846.728027 0.000000 0.596847 0.000000 0.802355 0.801658 0.801658 0.801658
4423.428223 0.000000 3842.275391 0.000000 0.791261 0.000000 -0.611479 0.988698 0.988698 0.988698
4426.730957 0.000000 3843.326416 0.000000 0.768121 0.000000 0.640304 0.795389 0.795389 0.795389
4423.642090 0.000000 3847.069824 0.000000 0.990858 0.000000 -0.134908 0.922804 0.922804 0.922804
4431.849609 0.000000 3915.574951 0.000000 0.767903 0.000000 0.640566 0.832829 0.832829 0.832829
4430.154785 0.000000 3925.639893 0.000000 0.722886 0.000000 0.690967 0.810873 0.810873 0.810873
4422.557617 0.000000 3919.794434 0.000000 0.152893 0.000000 -0.988243 1.065595 1.065595 1.065595
4426.082031 0.000000 3923.523926 0.000000 0.954921 0.000000 -0.296860 0.933861 0.933861 0.933861
4428.386230 0.000000 3926.128174 0.000000 0.870263 0.000000 -0.492587 0.960179 0.960179 0.960179
4430.955078 0.000000 3919.616699 0.000000 0.125216 0.000000 -0.992130 1.068861 1.068861 1.068861
4495.495605 0.000000 3846.618408 0.000000 0.875902 0.000000 -0.482489 0.915838 0.915838 0.915838
4479.574219 0.000000 3851.550049 0.000000 0.921005 0.000000 -0.389551 0.912587 0.912587 0.912587
4494.001465 0.000000 3844.323975 0.000000 0.984375 0.000000 0.176087 0.887273 0.887273 0.887273
4483.986816 0.000000 3842.845703 0.000000 0.549540 0.000000 0.835468 0.817781 0.817781 0.817781
4483.950195 0.000000 3848.720947 0.000000 0.633133 0.000000 0.774043 0.806519 0.806519 0.806519
4489.202148 0.000000 3854.151611 0.000000 0.675854 0.000000 -0.737036 0.983787 0.983787 0.983787
4481.379395 0.000000 3846.433105 0.000000 0.697753 0.000000 -0.716338 0.984329 0.984329 0.984329
4493.471191 0.000000 3846.275146 0.000000 0.695496 0.000000 0.718530 0.817140 0.817140 0.817140
4487.444824 0.000000 3850.508545 0.000000 0.974292 0.000000 0.225288 0.872939 0.872939 0.872939
4490.616699 0.000000 3846.460938 0.000000 0.761271 0.000000 -0.648434 0.979262 0.979262 0.979262
4486.752441 0.000000 3845.610840 0.000000 0.641878 0.000000 0.766807 0.811645 0.811645 0.811645
4484.817871 0.000000 3845.091309 0.000000 0.770631 0.000000 -0.637282 0.977626 0.977626 0.977626
4480.899414 0.000000 3852.955811 0.000000 0.633998 0.000000 0.773335 0.798691 0.798691 0.798691
4483.320312 0.000000 3846.728027 0.000000 0.960072 0.000000 -0.279752 0.929942 0.929942 0.929942
4489.369141 0.000000 3847.630371 0.000000 0.570555 0.000000 0.821259 0.770092 0.770092 0.770092
4490.723145 0.000000 3843.326416 0.000000 0.948662 0.000000 0.316291 0.850830 0.850830 0.850830
4518.425781 0.000000 3920.895752 0.000000 0.330478 0.000000 0.943814 0.830684 0.830684 0.830684
4527.944336 0.000000 3910.382080 0.000000 0.425569 0.000000 0.904926 0.714456 0.714456 0.714456
4526.281250 0.000000 3913.316895 0.000000 0.968279 0.000000 -0.249873 0.939154 0.939154 0.939154
4375.318359 0.000000 3967.187744 0.000000 0.987414 0.000000 -0.158154 0.914631 0.914631 0.914631
4383.834473 0.000000 3970.884033 0.000000 0.150247 0.000000 -0.988648 1.049955 1.049955 1.049955
4385.852539 0.000000 3969.053711 0.000000 0.452631 0.000000 0.891698 0.763929 0.763929 0.763929
4373.525879 0.000000 3971.378174 0.000000 0.516324 0.000000 0.856394 0.765999 0.765999 0.765999
4418.070312 0.000000 4054.316406 0.000000 0.985101 0.000000 0.171975 0.890680 0.890680 0.890680
4476.342773 0.000000 4058.251465 0.000000 0.137637 0.000000 -0.990483 1.109246 1.109246 1.109246
4477.155762 0.000000 4062.663086 0.000000 0.900058 0.000000 -0.435770 1.007390 1.007390 1.007390
4478.469238 0.000000 4063.948730 0.000000 0.541423 0.000000 0.840751 0.666634 0.666634 0.666634
4476.039062 0.000000 4060.986572 0.000000 0.576298 0.000000 -0.817240 1.114939 1.114939 1.114939
4602.592773 0.000000 4017.757568 0.000000 0.253202 0.000000 0.967414 0.837961 0.837961 0.837961
4553.129395 0.000000 3985.871094 0.000000 0.231894 0.000000 -0.972741 1.101240 1.101240 1.101240
4555.574219 0.000000 3988.061768 0.000000 0.989570 0.000000 -0.144050 0.931180 0.931180 0.931180
4606.091797 0.000000 4024.455078 0.000000 0.894964 0.000000 0.446138 0.811679 0.811679 0.811679
4605.453125 0.000000 4019.593018 0.000000 0.517649 0.000000 0.855593 0.653164 0.653164 0.653164
4555.538574 0.000000 3986.797119 0.000000 0.323463 0.000000 0.946241 0.559704 0.559704 0.559704
4557.643066 0.000000 3985.740967 0.000000 0.971218 0.000000 -0.238194 0.975655 0.975655 0.975655
4499.986328 0.000000 4071.284424 0.000000 0.071398 0.000000 -0.997448 1.041492 1.041492 1.041492
4500.612305 0.000000 4077.566406 0.000000 0.162598 0.000000 0.986692 0.773502 0.773502 0.773502
4480.177246 0.000000 4063.570068 0.000000 0.822889 0.000000 -0.568203 0.993691 0.993691 0.993691
4483.180176 0.000000 4072.200195 0.000000 0.294354 0.000000 0.955696 0.662779 0.662779 0.662779
4489.109863 0.000000 4074.180420 0.000000 0.300437 0.000000 -0.953802 1.178689 1.178689 1.178689
4486.675781 0.000000 4074.826172 0.000000 0.830648 0.000000 -0.556799 1.112296 1.112296 1.112296
4606.731934 0.000000 4033.565918 0.000000 0.366177 0.000000 0.930545 0.781770 0.781770 0.781770
4607.032227 0.000000 4035.855957 0.000000 0.709454 0.000000 -0.704752 1.001920 1.001920 1.001920
4604.248047 0.000000 4036.877441 0.000000 0.196851 0.000000 0.980433 0.566906 0.566906 0.566906
4607.546387 0.000000 3819.071777 0.000000 0.973945 0.000000 -0.226785 0.924159 0.924159 0.924159
4609.618652 0.000000 3822.236816 0.000000 0.539691 0.000000 -0.841863 1.052900 1.052900 1.052900
4618.191406 0.000000 3821.939941 0.000000 0.893489 0.000000 -0.449084 0.960695 0.960695 0.960695
4609.528320 0.000000 3816.474854 0.000000 0.967688 0.000000 0.252151 0.859908 0.859908 0.859908
4608.664551 0.000000 3815.125244 0.000000 0.847443 0.000000 0.530887 0.813235 0.813235 0.813235
4611.164551 0.000000 3816.262695 0.000000 0.951574 0.000000 -0.307419 0.960381 0.960381 0.960381
4609.189453 0.000000 3827.248779 0.000000 0.148834 0.000000 -0.988862 1.158694 1.158694 1.158694
4610.530273 0.000000 3819.190186 0.000000 0.965364 0.000000 0.260908 0.851959 0.851959 0.851959
4609.174316 0.000000 3825.415771 0.000000 0.154284 0.000000 -0.988026 1.160872 1.160872 1.160872
4615.608887 0.000000 3820.089111 0.000000 0.879196 0.000000 -0.476460 1.014934 1.014934 1.014934
4612.350098 0.000000 3823.672607 0.000000 0.831570 0.000000 -0.555420 1.038928 1.038928 1.038928
4614.416992 0.000000 3824.589600 0.000000 0.916502 0.000000 -0.400030 0.997094 0.997094 0.997094
4645.027344 0.000000 3916.779297 0.000000 0.526864 0.000000 -0.849950 0.943369 0.943369 0.943369
4643.589844 0.000000 3922.404541 0.000000 0.091259 0.000000 -0.995827 0.983102 0.983102 0.983102
4625.287109 0.000000 3935.083008 0.000000 0.943820 0.000000 0.330460 0.873514 0.873514 0.873514
4627.619141 0.000000 3939.009277 0.000000 0.424663 0.000000 -0.905352 1.019566 1.019566 1.019566
4625.716797 0.000000 3943.600586 0.000000 0.462067 0.000000 -0.886845 1.024959 1.024959 1.024959
4631.401367 0.000000 3938.580322 0.000000 0.660710 0.000000 0.750642 0.800800 0.800800 0.800800
4628.847168 0.000000 3941.658447 0.000000 0.900119 0.000000 -0.435645 0.950640 0.950640 0.950640
4632.187012 0.000000 3919.043213 0.000000 0.880248 0.000000 0.474514 0.838901 0.838901 0.838901
4631.991211 0.000000 3930.175781 0.000000 0.998320 0.000000 0.057946 0.892184 0.892184 0.892184
4630.210449 0.000000 3928.004639 0.000000 0.902242 0.000000 0.431231 0.837889 0.837889 0.837889
4636.837402 0.000000 3924.723877 0.000000 0.010356 0.000000 0.999946 0.651064 0.651064 0.651064
4634.871582 0.000000 3917.385742 0.000000 0.835138 0.000000 0.550040 0.818866 0.818866 0.818866
4639.770508 0.000000 3920.631104 0.000000 0.594350 0.000000 0.804207 0.757243 0.757243 0.757243
4634.206543 0.000000 3932.419189 0.000000 0.350694 0.000000 0.936490 0.725643 0.725643 0.725643
4634.019043 0.000000 3925.619385 0.000000 0.726137 0.000000 -0.687550 1.027754 1.027754 1.027754
4642.967285 0.000000 3920.951660 0.000000 0.066008 0.000000 0.997819 0.666712 0.666712 0.666712
4637.731445 0.000000 3918.682861 0.000000 0.997714 0.000000 0.067577 0.889667 0.889667 0.889667
4635.515137 0.000000 3925.966064 0.000000 0.323005 0.000000 -0.946397 1.109280 1.109280 1.109280
4635.866699 0.000000 3927.693848 0.000000 0.102887 0.000000 -0.994693 1.140741 1.140741 1.140741
4626.911133 0.000000 4028.876953 0.000000 0.012314 0.000000 0.999924 0.836969 0.836969 0.836969
4609.403809 0.000000 4015.928955 0.000000 0.997621 0.000000 0.068933 0.895350 0.895350 0.895350
4613.738770 0.000000 4015.410645 0.000000 0.922648 0.000000 -0.385643 0.933803 0.933803 0.933803
4615.761230 0.000000 4023.767822 0.000000 0.066334 0.000000 0.997797 0.724227 0.724227 0.724227
4632.010742 0.000000 4025.334717 0.000000 0.907912 0.000000 0.419161 0.845578 0.845578 0.845578
4613.822266 0.000000 4010.069580 0.000000 0.359171 0.000000 0.933272 0.724243 0.724243 0.724243
4636.491699 0.000000 4027.648193 0.000000 0.392563 0.000000 -0.919725 1.067870 1.067870 1.067870
4612.610840 0.000000 4023.948730 0.000000 0.553791 0.000000 -0.832656 1.050327 1.050327 1.050327
4622.118164 0.000000 4022.525391 0.000000 0.880034 0.000000 0.474911 0.812160 0.812160 0.812160
4639.528809 0.000000 4024.433838 0.000000 0.010580 0.000000 -0.999944 1.240047 1.240047 1.240047
4617.106934 0.000000 4023.282471 0.000000 0.996806 0.000000 -0.079857 0.916166 0.916166 0.916166
4608.086426 0.000000 4026.739502 0.000000 0.637180 0.000000 0.770715 0.694373 0.694373 0.694373
4619.054199 0.000000 4018.889160 0.000000 0.236133 0.000000 -0.971721 1.190397 1.190397 1.190397
4609.233398 0.000000 4024.852539 0.000000 0.502122 0.000000 -0.864797 1.151175 1.151175 1.151175
4624.688965 0.000000 4025.788574 0.000000 0.989896 0.000000 0.141796 0.869950 0.869950 0.869950
4611.880859 0.000000 4029.243896 0.000000 0.937502 0.000000 -0.347980 0.994232 0.994232 0.994232
4622.465332 0.000000 4029.775879 0.000000 0.998461 0.000000 -0.055457 0.913090 0.913090 0.913090
4615.991699 0.000000 4028.803223 0.000000 0.728894 0.000000 -0.684627 1.071131 1.071131 1.071131
4622.387207 0.000000 4027.059082 0.000000 0.325600 0.000000 -0.945508 1.192345 1.192345 1.192345
4610.360840 0.000000 4029.529785 0.000000 0.915503 0.000000 0.402312 0.790224 0.790224 0.790224
4614.837402 0.000000 4029.589844 0.000000 0.507465 0.000000 -0.861672 1.135686 1.135686 1.135686
4623.329590 0.000000 4027.910156 0.000000 0.352758 0.000000 0.935715 0.614466 0.614466 0.614466
4611.948242 0.000000 4025.910889 0.000000 0.134205 0.000000 0.990954 0.464361 0.464361 0.464361
4618.655273 0.000000 4053.272949 0.000000 0.848104 0.000000 -0.529831 0.930112 0.930112 0.930112
4624.769531 0.000000 4041.305176 0.000000 0.830730 0.000000 -0.556675 0.934489 0.934489 0.934489
4621.985840 0.000000 4036.277100 0.000000 0.168328 0.000000 0.985731 0.811817 0.811817 0.811817
4630.560547 0.000000 4047.804199 0.000000 0.711798 0.000000 0.702385 0.840508 0.840508 0.840508
4613.440918 0.000000 4033.248535 0.000000 0.998004 0.000000 -0.063152 0.906390 0.906390 0.906390
4611.934570 0.000000 4040.674072 0.000000 0.959391 0.000000 0.282079 0.872371 0.872371 0.872371
4641.887695 0.000000 4047.076660 0.000000 0.137785 0.000000 -0.990462 1.051285 1.051285 1.051285
4632.187012 0.000000 4047.011963 0.000000 0.559657 0.000000 0.828725 0.770505 0.770505 0.770505
4627.547852 0.000000 4038.294189 0.000000 0.929201 0.000000 -0.369575 0.945080 0.945080 0.945080
4638.186035 0.000000 4034.014160 0.000000 0.711628 0.000000 -0.702556 1.013769 1.013769 1.013769
4628.087891 0.000000 4032.870361 0.000000 0.470132 0.000000 0.882596 0.771226 0.771226 0.771226
4618.330566 0.000000 4044.784424 0.000000 0.836672 0.000000 0.547704 0.824464 0.824464 0.824464
4636.199707 0.000000 4034.637207 0.000000 0.697723 0.000000 -0.716367 1.004071 1.004071 1.004071
4613.165039 0.000000 4031.561768 0.000000 0.447139 0.000000 -0.894465 1.056733 1.056733 1.056733
4637.287598 0.000000 4039.415039 0.000000 0.649556 0.000000 0.760314 0.781608 0.781608 0.781608
4634.452637 0.000000 4037.306396 0.000000 0.472399 0.000000 0.881385 0.742446 0.742446 0.742446
4633.469238 0.000000 4043.883301 0.000000 0.176342 0.000000 0.984329 0.680822 0.680822 0.680822
4608.249512 0.000000 4032.781006 0.000000 0.817678 0.000000 -0.575676 1.004752 1.004752 1.004752
4641.631836 0.000000 4037.639160 0.000000 0.784538 0.000000 0.620081 0.769254 0.769254 0.769254
4620.353027 0.000000 4032.580078 0.000000 0.968455 0.000000 0.249188 0.853599 0.853599 0.853599
4610.600098 0.000000 4035.371582 0.000000 0.712051 0.000000 -0.702128 1.039915 1.039915 1.039915
4627.333984 0.000000 4036.040527 0.000000 0.904631 0.000000 -0.426195 0.980131 0.980131 0.980131
4641.013184 0.000000 4034.200684 0.000000 0.570668 0.000000 0.821181 0.698671 0.698671 0.698671
4618.325195 0.000000 4033.957520 0.000000 0.956526 0.000000 -0.291648 0.975141 0.975141 0.975141
4619.173828 0.000000 4032.951904 0.000000 0.045926 0.000000 0.998945 0.512841 0.512841 0.512841
4617.696777 0.000000 4048.795166 0.000000 0.770606 0.000000 0.637312 0.715239 0.715239 0.715239
4619.922363 0.000000 4049.200439 0.000000 0.810742 0.000000 0.585403 0.707494 0.707494 0.707494
4710.227051 0.000000 4062.090576 0.000000 0.827260 0.000000 0.561819 0.853084 0.853084 0.853084
4712.618652 0.000000 4055.300781 0.000000 0.205540 0.000000 0.978649 0.722272 0.722272 0.722272
4713.720703 0.000000 4061.994873 0.000000 0.127547 0.000000 -0.991832 1.263109 1.263109 1.263109
4711.625000 0.000000 4060.276611 0.000000 0.566971 0.000000 0.823738 0.652058 0.652058 0.652058
4711.425781 0.000000 4061.606445 0.000000 0.762952 0.000000 0.646455 0.719948 0.719948 0.719948
4726.580078 0.000000 4059.276123 0.000000 0.968160 0.000000 -0.250333 0.976750 0.976750 0.976750
"}
