object={
	name="tree_palm_generator_1_0"
	render_pass=Map
	clamp_to_water_level=no
	generated_content=yes
	layer="tree_high_layer"
	pdxmesh="tree_palm_01_a_mesh"
	count=27
	transform="3232.385254 0.000000 3181.360107 0.000000 0.155823 0.000000 0.987785 0.417241 0.417241 0.417241
3239.743652 0.000000 3179.788574 0.000000 0.999473 0.000000 -0.032447 0.706216 0.706216 0.706216
3245.608398 0.000000 3172.706299 0.000000 0.222237 0.000000 0.974993 0.459007 0.459007 0.459007
3237.919189 0.000000 3180.539062 0.000000 0.812462 0.000000 -0.583014 0.829660 0.829660 0.829660
3237.867676 0.000000 3176.832275 0.000000 0.981380 0.000000 -0.192074 0.735938 0.735938 0.735938
3244.477051 0.000000 3172.843750 0.000000 0.850615 0.000000 0.525789 0.600924 0.600924 0.600924
3233.613037 0.000000 3180.183350 0.000000 0.453797 0.000000 0.891105 0.480129 0.480129 0.480129
4302.434082 0.000000 3527.071533 0.000000 0.564812 0.000000 0.825219 0.504599 0.504599 0.504599
4305.465332 0.000000 3524.285889 0.000000 0.445080 0.000000 0.895491 0.456461 0.456461 0.456461
4400.849121 0.000000 3644.287598 0.000000 0.109761 0.000000 -0.993958 0.979797 0.979797 0.979797
4400.784668 0.000000 3646.617432 0.000000 0.408388 0.000000 0.912809 0.476498 0.476498 0.476498
4476.383789 0.000000 3710.883057 0.000000 0.998820 0.000000 0.048572 0.690014 0.690014 0.690014
4477.514160 0.000000 3710.544189 0.000000 0.869414 0.000000 -0.494084 0.806207 0.806207 0.806207
4476.263672 0.000000 3716.955566 0.000000 0.562615 0.000000 -0.826719 0.909543 0.909543 0.909543
4479.088379 0.000000 3712.428223 0.000000 0.184746 0.000000 -0.982786 1.003999 1.003999 1.003999
4478.557617 0.000000 3714.853271 0.000000 0.636429 0.000000 -0.771335 0.887204 0.887204 0.887204
4480.642090 0.000000 3717.507324 0.000000 0.515675 0.000000 -0.856784 0.910037 0.910037 0.910037
4229.779297 0.000000 3892.431885 0.000000 0.764055 0.000000 -0.645151 0.834308 0.834308 0.834308
4231.810059 0.000000 3893.182129 0.000000 0.455404 0.000000 0.890285 0.466674 0.466674 0.466674
4485.785645 0.000000 4072.103516 0.000000 0.999661 0.000000 0.026038 0.693993 0.693993 0.693993
4487.962402 0.000000 4073.346680 0.000000 0.831939 0.000000 0.554867 0.592272 0.592272 0.592272
4487.953125 0.000000 4072.119141 0.000000 0.749605 0.000000 -0.661886 0.832476 0.832476 0.832476
4610.053223 0.000000 4027.374512 0.000000 0.993107 0.000000 -0.117210 0.721188 0.721188 0.721188
4614.250000 0.000000 4032.251465 0.000000 0.943101 0.000000 0.332505 0.637447 0.637447 0.637447
4619.530762 0.000000 4050.781494 0.000000 0.848824 0.000000 0.528675 0.587856 0.587856 0.587856
4618.808594 0.000000 4039.552734 0.000000 0.502865 0.000000 0.864365 0.511734 0.511734 0.511734
4614.636719 0.000000 4033.368408 0.000000 0.849545 0.000000 -0.527516 0.802547 0.802547 0.802547
"}
