object={
	name="tree_pine_01_b_generator_1_0"
	render_pass=Map
	clamp_to_water_level=no
	generated_content=yes
	layer="tree_high_layer"
	pdxmesh="tree_pine_01_b_mesh"
	count=350
	transform="3236.814453 0.000000 3181.152100 0.000000 0.310033 0.000000 0.950726 0.400000 0.400000 0.400000
3236.957520 0.000000 3168.364746 0.000000 0.263889 0.000000 -0.964553 0.400000 0.400000 0.400000
3226.579102 0.000000 3177.039795 0.000000 0.321696 0.000000 -0.946843 0.400000 0.400000 0.400000
3245.498779 0.000000 3178.534912 0.000000 0.452511 0.000000 0.891759 0.400000 0.400000 0.400000
3230.325439 0.000000 3171.043213 0.000000 0.471672 0.000000 -0.881774 0.400000 0.400000 0.400000
3230.308350 0.000000 3183.901611 0.000000 0.957785 0.000000 -0.287484 0.400000 0.400000 0.400000
3239.456787 0.000000 3174.673584 0.000000 0.970785 0.000000 -0.239953 0.400000 0.400000 0.400000
3238.561523 0.000000 3187.622803 0.000000 0.631132 0.000000 0.775675 0.400000 0.400000 0.400000
3244.825195 0.000000 3171.624023 0.000000 0.536444 0.000000 0.843936 0.400000 0.400000 0.400000
3233.277100 0.000000 3176.103027 0.000000 0.870352 0.000000 0.492429 0.400000 0.400000 0.400000
3242.218262 0.000000 3183.069092 0.000000 0.436408 0.000000 -0.899749 0.400000 0.400000 0.400000
3234.042725 0.000000 3187.229248 0.000000 0.466694 0.000000 0.884419 0.400000 0.400000 0.400000
3240.968506 0.000000 3178.758057 0.000000 0.852455 0.000000 -0.522801 0.400000 0.400000 0.400000
3230.335938 0.000000 3179.428467 0.000000 0.533632 0.000000 -0.845717 0.400000 0.400000 0.400000
3236.891846 0.000000 3177.513672 0.000000 0.192044 0.000000 -0.981386 0.400000 0.400000 0.400000
3821.428467 0.000000 3434.472412 0.000000 0.725348 0.000000 0.688382 0.400000 0.400000 0.400000
3860.497559 0.000000 3514.202637 0.000000 0.989319 0.000000 -0.145767 0.400000 0.400000 0.400000
3857.612793 0.000000 3507.600342 0.000000 0.893312 0.000000 -0.449437 0.400000 0.400000 0.400000
3905.499512 0.000000 3498.167725 0.000000 0.914099 0.000000 0.405490 0.400000 0.400000 0.400000
3876.736328 0.000000 3565.058350 0.000000 0.493244 0.000000 -0.869891 0.400000 0.400000 0.400000
3876.879395 0.000000 3552.270996 0.000000 0.195054 0.000000 -0.980793 0.400000 0.400000 0.400000
3870.846191 0.000000 3575.074463 0.000000 0.336512 0.000000 -0.941679 0.400000 0.400000 0.400000
3870.247314 0.000000 3554.949463 0.000000 0.984210 0.000000 0.177007 0.400000 0.400000 0.400000
3870.230225 0.000000 3567.807861 0.000000 0.981487 0.000000 -0.191530 0.400000 0.400000 0.400000
3873.198975 0.000000 3560.009277 0.000000 0.162520 0.000000 -0.986705 0.400000 0.400000 0.400000
3873.782471 0.000000 3580.293701 0.000000 0.610785 0.000000 0.791796 0.400000 0.400000 0.400000
3777.041504 0.000000 3790.934570 0.000000 0.186983 0.000000 -0.982363 0.400000 0.400000 0.400000
3832.179443 0.000000 3827.432373 0.000000 0.897511 0.000000 -0.440993 0.400000 0.400000 0.400000
3827.236084 0.000000 3811.912598 0.000000 0.558982 0.000000 -0.829180 0.400000 0.400000 0.400000
3834.808838 0.000000 3801.671143 0.000000 0.312247 0.000000 -0.950001 0.400000 0.400000 0.400000
3775.911865 0.000000 3778.371338 0.000000 0.889083 0.000000 0.457746 0.400000 0.400000 0.400000
3821.182617 0.000000 3827.533447 0.000000 0.635859 0.000000 0.771805 0.400000 0.400000 0.400000
3835.996826 0.000000 3818.887695 0.000000 0.823282 0.000000 0.567632 0.400000 0.400000 0.400000
3821.428467 0.000000 3818.378662 0.000000 0.654538 0.000000 -0.756029 0.400000 0.400000 0.400000
3836.809326 0.000000 3811.229980 0.000000 0.893104 0.000000 -0.449851 0.400000 0.400000 0.400000
3830.910889 0.000000 3795.604492 0.000000 0.377855 0.000000 0.925865 0.400000 0.400000 0.400000
3777.856689 0.000000 3784.540039 0.000000 0.691306 0.000000 -0.722562 0.400000 0.400000 0.400000
3836.968994 0.000000 3795.901855 0.000000 0.801170 0.000000 0.598436 0.400000 0.400000 0.400000
3832.233398 0.000000 3814.674316 0.000000 0.978538 0.000000 0.206067 0.400000 0.400000 0.400000
3818.147949 0.000000 3822.912842 0.000000 0.965364 0.000000 0.260907 0.400000 0.400000 0.400000
3870.846191 0.000000 3639.058838 0.000000 0.846278 0.000000 -0.532741 0.400000 0.400000 0.400000
3875.027344 0.000000 3583.687500 0.000000 0.854942 0.000000 0.518724 0.400000 0.400000 0.400000
3868.035645 0.000000 3646.098389 0.000000 0.935104 0.000000 0.354373 0.400000 0.400000 0.400000
3872.226562 0.000000 3589.170166 0.000000 0.116077 0.000000 0.993240 0.400000 0.400000 0.400000
3867.898438 0.000000 3654.774170 0.000000 0.414872 0.000000 -0.909880 0.400000 0.400000 0.400000
3839.761963 0.000000 3799.956787 0.000000 0.193346 0.000000 -0.981131 0.400000 0.400000 0.400000
3823.817383 0.000000 3924.990234 0.000000 0.440436 0.000000 -0.897784 0.400000 0.400000 0.400000
3803.906250 0.000000 3910.711670 0.000000 0.399334 0.000000 0.916806 0.400000 0.400000 0.400000
3809.328369 0.000000 3923.958740 0.000000 0.645497 0.000000 0.763763 0.400000 0.400000 0.400000
3834.808838 0.000000 3929.639893 0.000000 0.749893 0.000000 0.661559 0.400000 0.400000 0.400000
3800.554443 0.000000 3925.379150 0.000000 0.641360 0.000000 0.767240 0.400000 0.400000 0.400000
3795.177979 0.000000 3912.070557 0.000000 0.130334 0.000000 0.991470 0.400000 0.400000 0.400000
3817.080811 0.000000 3919.458984 0.000000 0.989784 0.000000 -0.142577 0.400000 0.400000 0.400000
3806.472900 0.000000 3931.306152 0.000000 0.291743 0.000000 -0.956497 0.400000 0.400000 0.400000
3811.062012 0.000000 3914.191650 0.000000 0.128841 0.000000 -0.991665 0.400000 0.400000 0.400000
3804.311768 0.000000 3918.357666 0.000000 0.936345 0.000000 -0.351081 0.400000 0.400000 0.400000
3836.809326 0.000000 3939.198730 0.000000 0.997456 0.000000 0.071290 0.400000 0.400000 0.400000
3798.266846 0.000000 3917.366699 0.000000 0.994159 0.000000 -0.107928 0.400000 0.400000 0.400000
3799.020752 0.000000 3908.349854 0.000000 0.774218 0.000000 0.632919 0.400000 0.400000 0.400000
3797.041748 0.000000 3929.311035 0.000000 0.478196 0.000000 -0.878253 0.400000 0.400000 0.400000
3818.746582 0.000000 3924.826660 0.000000 0.672813 0.000000 0.739812 0.400000 0.400000 0.400000
3832.179443 0.000000 4019.385498 0.000000 0.720731 0.000000 -0.693215 0.400000 0.400000 0.400000
3827.236084 0.000000 4003.865723 0.000000 0.052433 0.000000 0.998624 0.400000 0.400000 0.400000
3836.090332 0.000000 4027.751953 0.000000 0.547106 0.000000 -0.837063 0.400000 0.400000 0.400000
3835.996826 0.000000 4010.840820 0.000000 0.994525 0.000000 0.104495 0.400000 0.400000 0.400000
3828.212646 0.000000 4013.350586 0.000000 0.714113 0.000000 0.700030 0.400000 0.400000 0.400000
3837.706543 0.000000 4018.117432 0.000000 0.992657 0.000000 -0.120960 0.400000 0.400000 0.400000
3832.233398 0.000000 4006.627441 0.000000 0.274179 0.000000 0.961679 0.400000 0.400000 0.400000
3847.698486 0.000000 3932.371338 0.000000 0.912902 0.000000 0.408178 0.400000 0.400000 0.400000
3850.904053 0.000000 3940.854980 0.000000 0.286079 0.000000 0.958206 0.400000 0.400000 0.400000
3840.245361 0.000000 3937.212646 0.000000 0.961758 0.000000 0.273901 0.400000 0.400000 0.400000
3842.293945 0.000000 3932.589111 0.000000 0.779909 0.000000 -0.625893 0.400000 0.400000 0.400000
3862.504883 0.000000 3998.463135 0.000000 0.062313 0.000000 -0.998057 0.400000 0.400000 0.400000
3841.507324 0.000000 4010.042725 0.000000 0.923209 0.000000 -0.384298 0.400000 0.400000 0.400000
3845.093018 0.000000 4025.587158 0.000000 0.986421 0.000000 -0.164238 0.400000 0.400000 0.400000
3847.698486 0.000000 3996.355713 0.000000 0.233123 0.000000 0.972447 0.400000 0.400000 0.400000
3855.972412 0.000000 4012.389404 0.000000 0.094985 0.000000 -0.995479 0.400000 0.400000 0.400000
3850.904053 0.000000 4004.839355 0.000000 0.984652 0.000000 -0.174531 0.400000 0.400000 0.400000
3864.546631 0.000000 3989.363525 0.000000 0.189770 0.000000 -0.981829 0.400000 0.400000 0.400000
3840.032471 0.000000 4018.147949 0.000000 0.741010 0.000000 0.671494 0.400000 0.400000 0.400000
3859.156738 0.000000 4005.250488 0.000000 0.729589 0.000000 -0.683886 0.400000 0.400000 0.400000
3847.788330 0.000000 4010.523682 0.000000 0.372685 0.000000 -0.927958 0.400000 0.400000 0.400000
4152.140625 0.000000 3507.510498 0.000000 0.825381 0.000000 0.564575 0.400000 0.400000 0.400000
4141.389648 0.000000 3498.456787 0.000000 0.999722 0.000000 -0.023596 0.400000 0.400000 0.400000
4148.173828 0.000000 3501.475586 0.000000 0.931772 0.000000 -0.363043 0.400000 0.400000 0.400000
4135.347168 0.000000 3494.595459 0.000000 0.956302 0.000000 -0.292379 0.400000 0.400000 0.400000
4157.667480 0.000000 3506.242432 0.000000 0.075561 0.000000 0.997141 0.400000 0.400000 0.400000
4138.108887 0.000000 3502.990967 0.000000 0.051493 0.000000 0.998673 0.400000 0.400000 0.400000
4180.458496 0.000000 3514.202637 0.000000 0.994055 0.000000 -0.108882 0.400000 0.400000 0.400000
4159.993652 0.000000 3506.272949 0.000000 0.427359 0.000000 0.904082 0.400000 0.400000 0.400000
4172.920410 0.000000 3511.604248 0.000000 0.069173 0.000000 -0.997605 0.400000 0.400000 0.400000
4153.803711 0.000000 3551.129639 0.000000 0.988090 0.000000 0.153875 0.400000 0.400000 0.400000
4167.659668 0.000000 3548.465088 0.000000 0.993464 0.000000 0.114149 0.400000 0.400000 0.400000
4170.865234 0.000000 3556.948730 0.000000 0.618375 0.000000 0.785883 0.400000 0.400000 0.400000
4160.206543 0.000000 3553.306396 0.000000 0.226959 0.000000 -0.973904 0.400000 0.400000 0.400000
4179.117676 0.000000 3557.359863 0.000000 0.855915 0.000000 0.517116 0.400000 0.400000 0.400000
4207.042480 0.000000 3520.568848 0.000000 0.921646 0.000000 -0.388031 0.400000 0.400000 0.400000
4212.376953 0.000000 3526.443848 0.000000 0.995583 0.000000 0.093882 0.400000 0.400000 0.400000
4175.075684 0.000000 3552.089600 0.000000 0.068818 0.000000 -0.997629 0.400000 0.400000 0.400000
4308.442871 0.000000 3514.202637 0.000000 0.979644 0.000000 0.200742 0.400000 0.400000 0.400000
4300.904785 0.000000 3511.604248 0.000000 0.199529 0.000000 0.979892 0.400000 0.400000 0.400000
4305.558105 0.000000 3507.600342 0.000000 0.689742 0.000000 -0.724056 0.400000 0.400000 0.400000
4297.838867 0.000000 3516.854248 0.000000 0.098560 0.000000 -0.995131 0.400000 0.400000 0.400000
4303.849609 0.000000 3517.297607 0.000000 0.965762 0.000000 0.259429 0.400000 0.400000 0.400000
4310.450684 0.000000 3550.572510 0.000000 0.282226 0.000000 0.959348 0.400000 0.400000 0.400000
4298.858398 0.000000 3519.927490 0.000000 0.935723 0.000000 -0.352735 0.400000 0.400000 0.400000
4327.798340 0.000000 3581.081299 0.000000 0.544827 0.000000 -0.838548 0.400000 0.400000 0.400000
4304.543457 0.000000 3536.558105 0.000000 0.372150 0.000000 0.928173 0.400000 0.400000 0.400000
4309.051270 0.000000 3519.494629 0.000000 0.752087 0.000000 0.659063 0.400000 0.400000 0.400000
4298.849609 0.000000 3556.948730 0.000000 0.709156 0.000000 0.705052 0.400000 0.400000 0.400000
4307.115723 0.000000 3528.164307 0.000000 0.051757 0.000000 -0.998660 0.400000 0.400000 0.400000
4303.682617 0.000000 3545.728271 0.000000 0.934793 0.000000 -0.355194 0.400000 0.400000 0.400000
4303.060059 0.000000 3552.089600 0.000000 0.164593 0.000000 -0.986362 0.400000 0.400000 0.400000
4310.204590 0.000000 3533.460449 0.000000 0.028144 0.000000 -0.999604 0.400000 0.400000 0.400000
4304.069824 0.000000 3522.895264 0.000000 0.657293 0.000000 0.753635 0.400000 0.400000 0.400000
4307.353027 0.000000 3540.619385 0.000000 0.566411 0.000000 0.824123 0.400000 0.400000 0.400000
4303.519043 0.000000 3526.696533 0.000000 0.009846 0.000000 0.999952 0.400000 0.400000 0.400000
4403.166016 0.000000 3555.975098 0.000000 0.999712 0.000000 0.024000 0.400000 0.400000 0.400000
4394.454590 0.000000 3527.087158 0.000000 0.940540 0.000000 -0.339682 0.400000 0.400000 0.400000
4410.738770 0.000000 3545.733643 0.000000 0.307185 0.000000 -0.951650 0.400000 0.400000 0.400000
4412.739258 0.000000 3555.292480 0.000000 0.727526 0.000000 -0.686080 0.400000 0.400000 0.400000
4392.904297 0.000000 3521.211914 0.000000 0.086621 0.000000 -0.996241 0.400000 0.400000 0.400000
4415.691895 0.000000 3544.019287 0.000000 0.134422 0.000000 -0.990924 0.400000 0.400000 0.400000
4416.175293 0.000000 3553.306396 0.000000 0.762502 0.000000 0.646985 0.400000 0.400000 0.400000
4420.714355 0.000000 3557.172852 0.000000 0.785340 0.000000 -0.619065 0.400000 0.400000 0.400000
4152.140625 0.000000 3635.479248 0.000000 0.200991 0.000000 -0.979593 0.400000 0.400000 0.400000
4180.458496 0.000000 3642.171387 0.000000 0.865358 0.000000 -0.501153 0.400000 0.400000 0.400000
4161.468262 0.000000 3626.136475 0.000000 0.911991 0.000000 0.410211 0.400000 0.400000 0.400000
4196.697266 0.000000 3629.042725 0.000000 0.153729 0.000000 -0.988113 0.400000 0.400000 0.400000
4168.053711 0.000000 3632.993164 0.000000 0.738671 0.000000 -0.674066 0.400000 0.400000 0.400000
4160.206543 0.000000 3617.290771 0.000000 0.867951 0.000000 -0.496650 0.400000 0.400000 0.400000
4198.444336 0.000000 3635.513428 0.000000 0.194250 0.000000 0.980952 0.400000 0.400000 0.400000
4167.749512 0.000000 3626.617432 0.000000 0.980362 0.000000 -0.197208 0.400000 0.400000 0.400000
4164.745605 0.000000 3621.157227 0.000000 0.483202 0.000000 0.875509 0.400000 0.400000 0.400000
4187.859863 0.000000 3654.774170 0.000000 0.822256 0.000000 -0.569118 0.400000 0.400000 0.400000
4181.066895 0.000000 3647.463379 0.000000 0.164032 0.000000 0.986455 0.400000 0.400000 0.400000
4330.462402 0.000000 3591.071533 0.000000 0.993594 0.000000 -0.113005 0.400000 0.400000 0.400000
4322.972656 0.000000 3583.687500 0.000000 0.977024 0.000000 -0.213127 0.400000 0.400000 0.400000
4328.912109 0.000000 3585.196289 0.000000 0.700765 0.000000 -0.713392 0.400000 0.400000 0.400000
4324.904297 0.000000 3588.869141 0.000000 0.984154 0.000000 0.177317 0.400000 0.400000 0.400000
4324.681641 0.000000 3693.027100 0.000000 0.992182 0.000000 -0.124800 0.400000 0.400000 0.400000
4293.038574 0.000000 3705.665283 0.000000 0.865016 0.000000 0.501744 0.400000 0.400000 0.400000
4345.887695 0.000000 3660.634766 0.000000 0.919734 0.000000 0.392543 0.400000 0.400000 0.400000
4346.746582 0.000000 3673.702393 0.000000 0.960154 0.000000 -0.279470 0.400000 0.400000 0.400000
4314.446777 0.000000 3688.914795 0.000000 0.906182 0.000000 -0.422887 0.400000 0.400000 0.400000
4318.791504 0.000000 3703.043213 0.000000 0.584924 0.000000 -0.811088 0.400000 0.400000 0.400000
4311.147949 0.000000 3697.524902 0.000000 0.946999 0.000000 0.321238 0.400000 0.400000 0.400000
4342.848633 0.000000 3667.635742 0.000000 0.713732 0.000000 0.700419 0.400000 0.400000 0.400000
4318.192871 0.000000 3682.918213 0.000000 0.943553 0.000000 -0.331222 0.400000 0.400000 0.400000
4347.141602 0.000000 3653.486816 0.000000 0.301206 0.000000 0.953559 0.400000 0.400000 0.400000
4318.175781 0.000000 3695.776611 0.000000 0.911244 0.000000 -0.411866 0.400000 0.400000 0.400000
4348.906738 0.000000 3667.933105 0.000000 0.577044 0.000000 -0.816713 0.400000 0.400000 0.400000
4321.144531 0.000000 3687.978027 0.000000 0.968533 0.000000 -0.248885 0.400000 0.400000 0.400000
4297.838867 0.000000 3708.807373 0.000000 0.450019 0.000000 -0.893019 0.400000 0.400000 0.400000
4313.181641 0.000000 3702.901123 0.000000 0.289631 0.000000 -0.957138 0.400000 0.400000 0.400000
4292.388672 0.000000 3700.530273 0.000000 0.412722 0.000000 -0.910857 0.400000 0.400000 0.400000
4341.589355 0.000000 3662.890381 0.000000 0.808143 0.000000 0.588986 0.400000 0.400000 0.400000
4165.070312 0.000000 3839.015869 0.000000 0.526858 0.000000 0.849953 0.400000 0.400000 0.400000
4298.858398 0.000000 3711.880615 0.000000 0.660841 0.000000 -0.750526 0.400000 0.400000 0.400000
4401.831055 0.000000 3643.517578 0.000000 0.453789 0.000000 -0.891109 0.400000 0.400000 0.400000
4421.022949 0.000000 3641.680908 0.000000 0.999975 0.000000 -0.007054 0.400000 0.400000 0.400000
4431.902344 0.000000 3628.483154 0.000000 0.778528 0.000000 0.627610 0.400000 0.400000 0.400000
4452.809570 0.000000 3616.255371 0.000000 0.999732 0.000000 0.023138 0.400000 0.400000 0.400000
4442.431152 0.000000 3624.930420 0.000000 0.576491 0.000000 -0.817104 0.400000 0.400000 0.400000
4424.022461 0.000000 3632.993164 0.000000 0.732671 0.000000 -0.680583 0.400000 0.400000 0.400000
4446.177246 0.000000 3618.933838 0.000000 0.350132 0.000000 0.936700 0.400000 0.400000 0.400000
4429.444824 0.000000 3632.784424 0.000000 0.484605 0.000000 -0.874733 0.400000 0.400000 0.400000
4352.971191 0.000000 3662.965820 0.000000 0.915350 0.000000 -0.402659 0.400000 0.400000 0.400000
4379.836426 0.000000 3654.774170 0.000000 0.397403 0.000000 0.917644 0.400000 0.400000 0.400000
4361.144531 0.000000 3657.354736 0.000000 0.579272 0.000000 -0.815135 0.400000 0.400000 0.400000
4371.107910 0.000000 3656.133057 0.000000 0.402573 0.000000 0.915388 0.400000 0.400000 0.400000
4399.019043 0.000000 3648.537598 0.000000 0.592186 0.000000 0.805802 0.400000 0.400000 0.400000
4392.904297 0.000000 3649.180664 0.000000 0.029307 0.000000 -0.999570 0.400000 0.400000 0.400000
4363.327148 0.000000 3662.538086 0.000000 0.967069 0.000000 -0.254514 0.400000 0.400000 0.400000
4388.896484 0.000000 3652.853516 0.000000 0.963589 0.000000 0.267387 0.400000 0.400000 0.400000
4374.950684 0.000000 3652.412354 0.000000 0.715082 0.000000 -0.699041 0.400000 0.400000 0.400000
4384.164062 0.000000 3653.154541 0.000000 0.196178 0.000000 0.980568 0.400000 0.400000 0.400000
4455.782715 0.000000 3709.050049 0.000000 0.364025 0.000000 -0.931389 0.400000 0.400000 0.400000
4461.104492 0.000000 3699.564697 0.000000 0.927581 0.000000 -0.373622 0.400000 0.400000 0.400000
4476.012207 0.000000 3707.830078 0.000000 0.916258 0.000000 -0.400588 0.400000 0.400000 0.400000
4465.823242 0.000000 3707.501953 0.000000 0.291248 0.000000 0.956648 0.400000 0.400000 0.400000
4466.637207 0.000000 3701.674805 0.000000 0.759340 0.000000 -0.650694 0.400000 0.400000 0.400000
4460.408203 0.000000 3705.331055 0.000000 0.740496 0.000000 -0.672061 0.400000 0.400000 0.400000
4449.712402 0.000000 3708.262451 0.000000 0.408933 0.000000 -0.912564 0.400000 0.400000 0.400000
4471.115723 0.000000 3704.859863 0.000000 0.226172 0.000000 0.974087 0.400000 0.400000 0.400000
4479.555664 0.000000 3708.180908 0.000000 0.288859 0.000000 0.957372 0.400000 0.400000 0.400000
4463.739746 0.000000 3733.037109 0.000000 0.174644 0.000000 0.984632 0.400000 0.400000 0.400000
4443.828613 0.000000 3718.758545 0.000000 0.467673 0.000000 0.883902 0.400000 0.400000 0.400000
4470.514648 0.000000 3711.845947 0.000000 0.986246 0.000000 -0.165287 0.400000 0.400000 0.400000
4473.872070 0.000000 3724.619141 0.000000 0.842593 0.000000 0.538550 0.400000 0.400000 0.400000
4450.957031 0.000000 3711.656250 0.000000 0.609016 0.000000 0.793158 0.400000 0.400000 0.400000
4470.833008 0.000000 3731.620117 0.000000 0.122860 0.000000 -0.992424 0.400000 0.400000 0.400000
4475.125977 0.000000 3717.471191 0.000000 0.246423 0.000000 0.969162 0.400000 0.400000 0.400000
4476.891113 0.000000 3731.917480 0.000000 0.565952 0.000000 0.824438 0.400000 0.400000 0.400000
4477.108887 0.000000 3711.900391 0.000000 0.716877 0.000000 0.697199 0.400000 0.400000 0.400000
4467.913086 0.000000 3736.196289 0.000000 0.019808 0.000000 0.999804 0.400000 0.400000 0.400000
4478.647461 0.000000 3717.996582 0.000000 0.861154 0.000000 0.508345 0.400000 0.400000 0.400000
4408.109375 0.000000 3827.432373 0.000000 0.997135 0.000000 0.075648 0.400000 0.400000 0.400000
4412.020020 0.000000 3835.798828 0.000000 0.941524 0.000000 0.336946 0.400000 0.400000 0.400000
4401.831055 0.000000 3835.470703 0.000000 0.968040 0.000000 0.250797 0.400000 0.400000 0.400000
4402.645020 0.000000 3829.643555 0.000000 0.306408 0.000000 -0.951900 0.400000 0.400000 0.400000
4414.828125 0.000000 3831.147949 0.000000 0.695754 0.000000 0.718281 0.400000 0.400000 0.400000
4421.022949 0.000000 3833.634033 0.000000 0.919613 0.000000 0.392825 0.400000 0.400000 0.400000
4425.136719 0.000000 3785.323486 0.000000 0.655017 0.000000 -0.755614 0.400000 0.400000 0.400000
4424.262695 0.000000 3795.406250 0.000000 0.221371 0.000000 0.975190 0.400000 0.400000 0.400000
4431.044434 0.000000 3808.027100 0.000000 0.134906 0.000000 -0.990858 0.400000 0.400000 0.400000
4415.563477 0.000000 3836.149658 0.000000 0.069816 0.000000 -0.997560 0.400000 0.400000 0.400000
4422.249512 0.000000 3779.765625 0.000000 0.972695 0.000000 -0.232087 0.400000 0.400000 0.400000
4427.319336 0.000000 3790.506836 0.000000 0.185169 0.000000 0.982707 0.400000 0.400000 0.400000
4426.633301 0.000000 3800.149170 0.000000 0.994034 0.000000 0.109075 0.400000 0.400000 0.400000
4480.955566 0.000000 3726.950195 0.000000 0.772060 0.000000 0.635550 0.400000 0.400000 0.400000
4502.427246 0.000000 3742.525635 0.000000 0.703118 0.000000 -0.711073 0.400000 0.400000 0.400000
4496.520020 0.000000 3728.511230 0.000000 0.294408 0.000000 0.955680 0.400000 0.400000 0.400000
4479.826172 0.000000 3714.386963 0.000000 0.996405 0.000000 0.084722 0.400000 0.400000 0.400000
4489.128906 0.000000 3721.339111 0.000000 0.999346 0.000000 -0.036147 0.400000 0.400000 0.400000
4495.659180 0.000000 3737.681396 0.000000 0.823911 0.000000 0.566719 0.400000 0.400000 0.400000
4488.254883 0.000000 3731.421875 0.000000 0.997021 0.000000 -0.077135 0.400000 0.400000 0.400000
4510.169434 0.000000 3746.902588 0.000000 0.274225 0.000000 0.961665 0.400000 0.400000 0.400000
4519.300781 0.000000 3750.532959 0.000000 0.077361 0.000000 0.997003 0.400000 0.400000 0.400000
4481.770996 0.000000 3720.555664 0.000000 0.986446 0.000000 0.164088 0.400000 0.400000 0.400000
4486.241699 0.000000 3715.781250 0.000000 0.977608 0.000000 0.210434 0.400000 0.400000 0.400000
4504.860840 0.000000 3747.824463 0.000000 0.167049 0.000000 0.985949 0.400000 0.400000 0.400000
4479.478027 0.000000 3717.777588 0.000000 0.965722 0.000000 -0.259579 0.400000 0.400000 0.400000
4479.985352 0.000000 3711.243652 0.000000 0.607348 0.000000 -0.794436 0.400000 0.400000 0.400000
4570.415527 0.000000 3816.883545 0.000000 0.208580 0.000000 0.978005 0.400000 0.400000 0.400000
4605.612793 0.000000 3826.164307 0.000000 0.458508 0.000000 -0.888690 0.400000 0.400000 0.400000
4574.172363 0.000000 3819.272217 0.000000 0.521498 0.000000 0.853253 0.400000 0.400000 0.400000
4176.559082 0.000000 3856.479980 0.000000 0.494838 0.000000 -0.868985 0.400000 0.400000 0.400000
4196.840820 0.000000 3872.192871 0.000000 0.578278 0.000000 -0.815840 0.400000 0.400000 0.400000
4169.167969 0.000000 3849.307861 0.000000 0.404388 0.000000 0.914587 0.400000 0.400000 0.400000
4184.507812 0.000000 3861.394775 0.000000 0.692868 0.000000 0.721064 0.400000 0.400000 0.400000
4190.426270 0.000000 3867.321777 0.000000 0.462485 0.000000 -0.886627 0.400000 0.400000 0.400000
4199.339844 0.000000 3878.501709 0.000000 0.763192 0.000000 -0.646171 0.400000 0.400000 0.400000
4192.579102 0.000000 3871.321777 0.000000 0.838147 0.000000 -0.545444 0.400000 0.400000 0.400000
4163.661621 0.000000 3840.316162 0.000000 0.222742 0.000000 0.974877 0.400000 0.400000 0.400000
4229.046387 0.000000 3897.618408 0.000000 0.646713 0.000000 0.762734 0.400000 0.400000 0.400000
4231.651855 0.000000 3868.386963 0.000000 0.903567 0.000000 -0.428446 0.400000 0.400000 0.400000
4239.925781 0.000000 3884.420654 0.000000 0.683926 0.000000 0.729552 0.400000 0.400000 0.400000
4234.857422 0.000000 3876.870605 0.000000 0.400208 0.000000 -0.916425 0.400000 0.400000 0.400000
4232.045898 0.000000 3888.930664 0.000000 0.996745 0.000000 -0.080622 0.400000 0.400000 0.400000
4231.741699 0.000000 3882.554932 0.000000 0.374499 0.000000 -0.927227 0.400000 0.400000 0.400000
4228.737793 0.000000 3877.094727 0.000000 0.901762 0.000000 0.432233 0.400000 0.400000 0.400000
4228.396484 0.000000 3892.483398 0.000000 0.528495 0.000000 -0.848937 0.400000 0.400000 0.400000
4232.745605 0.000000 3893.889160 0.000000 0.670050 0.000000 -0.742316 0.400000 0.400000 0.400000
4235.543457 0.000000 3884.716553 0.000000 0.930292 0.000000 -0.366820 0.400000 0.400000 0.400000
4344.117188 0.000000 3891.416748 0.000000 0.669465 0.000000 -0.742843 0.400000 0.400000 0.400000
4339.173828 0.000000 3875.896973 0.000000 0.442391 0.000000 -0.896822 0.400000 0.400000 0.400000
4348.027832 0.000000 3899.783203 0.000000 0.211152 0.000000 -0.977453 0.400000 0.400000 0.400000
4347.934570 0.000000 3882.872070 0.000000 0.556236 0.000000 -0.831024 0.400000 0.400000 0.400000
4340.150391 0.000000 3885.381836 0.000000 0.985904 0.000000 -0.167311 0.400000 0.400000 0.400000
4332.692871 0.000000 3875.452148 0.000000 0.920523 0.000000 -0.390690 0.400000 0.400000 0.400000
4349.644043 0.000000 3890.148682 0.000000 0.626838 0.000000 0.779150 0.400000 0.400000 0.400000
4337.838867 0.000000 3963.439453 0.000000 0.313006 0.000000 -0.949751 0.400000 0.400000 0.400000
4349.124512 0.000000 3903.853516 0.000000 0.989453 0.000000 -0.144853 0.400000 0.400000 0.400000
4342.530273 0.000000 3967.783447 0.000000 0.296983 0.000000 -0.954883 0.400000 0.400000 0.400000
4335.026855 0.000000 3968.459473 0.000000 0.288811 0.000000 -0.957386 0.400000 0.400000 0.400000
4340.361328 0.000000 3974.334473 0.000000 0.949069 0.000000 0.315068 0.400000 0.400000 0.400000
4324.825195 0.000000 4064.145996 0.000000 0.803474 0.000000 -0.595340 0.400000 0.400000 0.400000
4297.152344 0.000000 4041.260986 0.000000 0.919412 0.000000 -0.393296 0.400000 0.400000 0.400000
4327.404785 0.000000 4056.599365 0.000000 0.340734 0.000000 -0.940160 0.400000 0.400000 0.400000
4304.069824 0.000000 4034.770264 0.000000 0.584078 0.000000 0.811698 0.400000 0.400000 0.400000
4406.522461 0.000000 3839.814697 0.000000 0.994949 0.000000 -0.100380 0.400000 0.400000 0.400000
4351.970215 0.000000 3890.179199 0.000000 0.105989 0.000000 -0.994367 0.400000 0.400000 0.400000
4411.133789 0.000000 3845.439941 0.000000 0.372265 0.000000 0.928127 0.400000 0.400000 0.400000
4351.571289 0.000000 3900.134033 0.000000 0.651386 0.000000 -0.758747 0.400000 0.400000 0.400000
4413.116699 0.000000 3839.869141 0.000000 0.357582 0.000000 0.933882 0.400000 0.400000 0.400000
4413.483398 0.000000 3849.330322 0.000000 0.802139 0.000000 0.597138 0.400000 0.400000 0.400000
4415.833984 0.000000 3842.355713 0.000000 0.957100 0.000000 -0.289758 0.400000 0.400000 0.400000
4417.778809 0.000000 3848.524414 0.000000 0.983595 0.000000 -0.180388 0.400000 0.400000 0.400000
4422.249512 0.000000 3843.750000 0.000000 0.490996 0.000000 -0.871162 0.400000 0.400000 0.400000
4379.973633 0.000000 3966.020264 0.000000 0.131785 0.000000 -0.991278 0.400000 0.400000 0.400000
4432.527832 0.000000 3920.464355 0.000000 0.956893 0.000000 0.290439 0.400000 0.400000 0.400000
4423.628418 0.000000 3932.371338 0.000000 0.118487 0.000000 -0.992956 0.400000 0.400000 0.400000
4435.100098 0.000000 3912.070557 0.000000 0.762217 0.000000 -0.647321 0.400000 0.400000 0.400000
4431.666992 0.000000 3929.634521 0.000000 0.271648 0.000000 -0.962397 0.400000 0.400000 0.400000
4424.262695 0.000000 3923.375000 0.000000 0.832773 0.000000 0.553615 0.400000 0.400000 0.400000
4427.319336 0.000000 3918.475586 0.000000 0.617169 0.000000 -0.786831 0.400000 0.400000 0.400000
4480.955566 0.000000 3854.918945 0.000000 0.129326 0.000000 -0.991602 0.400000 0.400000 0.400000
4489.128906 0.000000 3849.307861 0.000000 0.964853 0.000000 0.262790 0.400000 0.400000 0.400000
4481.770996 0.000000 3848.524414 0.000000 0.328267 0.000000 0.944585 0.400000 0.400000 0.400000
4522.438965 0.000000 3910.993408 0.000000 0.999621 0.000000 0.027540 0.400000 0.400000 0.400000
4510.169434 0.000000 3938.855713 0.000000 0.861889 0.000000 0.507096 0.400000 0.400000 0.400000
4527.306641 0.000000 3911.921143 0.000000 0.870505 0.000000 0.492159 0.400000 0.400000 0.400000
4373.043457 0.000000 3967.385254 0.000000 0.371719 0.000000 -0.928345 0.400000 0.400000 0.400000
4371.107910 0.000000 3976.054932 0.000000 0.416186 0.000000 -0.909279 0.400000 0.400000 0.400000
4380.973633 0.000000 3968.754883 0.000000 0.553754 0.000000 0.832680 0.400000 0.400000 0.400000
4423.628418 0.000000 4060.340088 0.000000 0.904247 0.000000 0.427010 0.400000 0.400000 0.400000
4474.730957 0.000000 4057.608643 0.000000 0.413070 0.000000 0.910699 0.400000 0.400000 0.400000
4477.477051 0.000000 4060.916992 0.000000 0.313514 0.000000 0.949584 0.400000 0.400000 0.400000
4600.085938 0.000000 4019.385498 0.000000 0.764433 0.000000 0.644703 0.400000 0.400000 0.400000
4603.996582 0.000000 4027.751953 0.000000 0.187116 0.000000 -0.982338 0.400000 0.400000 0.400000
4552.247070 0.000000 3987.359375 0.000000 0.946896 0.000000 0.321539 0.400000 0.400000 0.400000
4605.612793 0.000000 4018.117432 0.000000 0.953080 0.000000 -0.302717 0.400000 0.400000 0.400000
4606.804688 0.000000 4023.101074 0.000000 0.580092 0.000000 -0.814551 0.400000 0.400000 0.400000
4557.043945 0.000000 3987.814697 0.000000 0.840617 0.000000 0.541630 0.400000 0.400000 0.400000
4480.167480 0.000000 4065.181396 0.000000 0.959668 0.000000 0.281135 0.400000 0.400000 0.400000
4487.710449 0.000000 4074.508057 0.000000 0.460932 0.000000 0.887436 0.400000 0.400000 0.400000
4484.722168 0.000000 4072.689941 0.000000 0.669155 0.000000 0.743122 0.400000 0.400000 0.400000
4603.110352 0.000000 4037.393066 0.000000 0.534931 0.000000 -0.844896 0.400000 0.400000 0.400000
4605.093262 0.000000 4031.822266 0.000000 0.545566 0.000000 -0.838068 0.400000 0.400000 0.400000
4609.413574 0.000000 3818.089600 0.000000 0.092230 0.000000 -0.995738 0.400000 0.400000 0.400000
4615.999023 0.000000 3824.946289 0.000000 0.096750 0.000000 0.995309 0.400000 0.400000 0.400000
4607.938965 0.000000 3826.194824 0.000000 0.956278 0.000000 0.292460 0.400000 0.400000 0.400000
4612.349609 0.000000 3828.499023 0.000000 0.976760 0.000000 0.214335 0.400000 0.400000 0.400000
4611.695312 0.000000 3822.439209 0.000000 0.393005 0.000000 0.919537 0.400000 0.400000 0.400000
4630.411621 0.000000 3934.478760 0.000000 0.715596 0.000000 0.698515 0.400000 0.400000 0.400000
4641.227051 0.000000 3923.958740 0.000000 0.067356 0.000000 -0.997729 0.400000 0.400000 0.400000
4632.453125 0.000000 3925.379150 0.000000 0.818087 0.000000 0.575094 0.400000 0.400000 0.400000
4636.210449 0.000000 3918.357666 0.000000 0.361761 0.000000 -0.932271 0.400000 0.400000 0.400000
4627.062988 0.000000 3941.266113 0.000000 0.757735 0.000000 -0.652562 0.400000 0.400000 0.400000
4643.727051 0.000000 3919.596924 0.000000 0.252317 0.000000 -0.967645 0.400000 0.400000 0.400000
4628.403809 0.000000 4026.077637 0.000000 0.082295 0.000000 -0.996608 0.400000 0.400000 0.400000
4609.413574 0.000000 4010.042725 0.000000 0.320754 0.000000 0.947163 0.400000 0.400000 0.400000
4612.999512 0.000000 4025.587158 0.000000 0.292290 0.000000 0.956330 0.400000 0.400000 0.400000
4638.752441 0.000000 4022.965088 0.000000 0.875550 0.000000 0.483128 0.400000 0.400000 0.400000
4615.999023 0.000000 4016.899414 0.000000 0.846115 0.000000 0.533001 0.400000 0.400000 0.400000
4607.938965 0.000000 4018.147949 0.000000 0.722842 0.000000 0.691014 0.400000 0.400000 0.400000
4620.865723 0.000000 4023.479248 0.000000 0.570910 0.000000 0.821012 0.400000 0.400000 0.400000
4635.942383 0.000000 4030.004639 0.000000 0.513855 0.000000 -0.857877 0.400000 0.400000 0.400000
4607.540039 0.000000 4028.102783 0.000000 0.308005 0.000000 -0.951385 0.400000 0.400000 0.400000
4617.799805 0.000000 4028.729248 0.000000 0.450452 0.000000 0.892801 0.400000 0.400000 0.400000
4641.688965 0.000000 4028.184326 0.000000 0.652701 0.000000 -0.757616 0.400000 0.400000 0.400000
4623.810547 0.000000 4029.172607 0.000000 0.496989 0.000000 -0.867757 0.400000 0.400000 0.400000
4613.015625 0.000000 4030.968994 0.000000 0.640734 0.000000 -0.767763 0.400000 0.400000 0.400000
4608.737793 0.000000 4023.577148 0.000000 0.104672 0.000000 -0.994507 0.400000 0.400000 0.400000
4616.698730 0.000000 4021.857910 0.000000 0.761950 0.000000 -0.647636 0.400000 0.400000 0.400000
4635.805176 0.000000 4038.680420 0.000000 0.953600 0.000000 0.301075 0.400000 0.400000 0.400000
4618.819336 0.000000 4031.802490 0.000000 0.304414 0.000000 0.952540 0.400000 0.400000 0.400000
4607.810547 0.000000 4034.308838 0.000000 0.995266 0.000000 -0.097185 0.400000 0.400000 0.400000
4642.933594 0.000000 4031.578125 0.000000 0.990715 0.000000 -0.135953 0.400000 0.400000 0.400000
4617.113281 0.000000 4041.260986 0.000000 0.405505 0.000000 0.914093 0.400000 0.400000 0.400000
4629.012207 0.000000 4031.369629 0.000000 0.635983 0.000000 -0.771703 0.400000 0.400000 0.400000
4616.239258 0.000000 4051.343750 0.000000 0.434238 0.000000 0.900798 0.400000 0.400000 0.400000
4642.960449 0.000000 4042.160400 0.000000 0.927198 0.000000 0.374573 0.400000 0.400000 0.400000
4636.210449 0.000000 4046.326416 0.000000 0.910500 0.000000 0.413509 0.400000 0.400000 0.400000
4609.755371 0.000000 4040.477539 0.000000 0.432594 0.000000 0.901589 0.400000 0.400000 0.400000
4630.165527 0.000000 4045.335449 0.000000 0.903802 0.000000 0.427951 0.400000 0.400000 0.400000
4636.942383 0.000000 4032.739258 0.000000 0.216126 0.000000 -0.976366 0.400000 0.400000 0.400000
4614.226074 0.000000 4035.703125 0.000000 0.993117 0.000000 -0.117128 0.400000 0.400000 0.400000
4624.030762 0.000000 4034.770264 0.000000 0.495469 0.000000 -0.868626 0.400000 0.400000 0.400000
4619.295898 0.000000 4046.444336 0.000000 0.985884 0.000000 0.167432 0.400000 0.400000 0.400000
4621.036133 0.000000 4051.799072 0.000000 0.582151 0.000000 -0.813080 0.400000 0.400000 0.400000
4619.541016 0.000000 4036.621826 0.000000 0.939772 0.000000 -0.341803 0.400000 0.400000 0.400000
4640.132812 0.000000 4037.060791 0.000000 0.999254 0.000000 -0.038624 0.400000 0.400000 0.400000
4615.521973 0.000000 4032.353516 0.000000 0.776990 0.000000 -0.629512 0.400000 0.400000 0.400000
4711.357910 0.000000 4056.599365 0.000000 0.995762 0.000000 0.091971 0.400000 0.400000 0.400000
4724.949707 0.000000 4061.238525 0.000000 0.999159 0.000000 0.041006 0.400000 0.400000 0.400000
4723.881836 0.000000 4056.118164 0.000000 0.466220 0.000000 -0.884669 0.400000 0.400000 0.400000
4712.588867 0.000000 4061.170410 0.000000 0.810988 0.000000 -0.585063 0.400000 0.400000 0.400000
4727.047852 0.000000 4058.174316 0.000000 0.274938 0.000000 -0.961462 0.400000 0.400000 0.400000
"}
