object={
	name="tree_leaf_high_generator_1_0"
	render_pass=Map
	clamp_to_water_level=no
	generated_content=yes
	layer="tree_high_layer"
	pdxmesh="tree_leaf_01_a_mesh"
	count=535
	transform="3031.922363 0.000000 1993.439209 0.000000 0.323904 0.000000 -0.946090 0.854526 0.854526 0.854526
3011.801758 0.000000 1984.769287 0.000000 0.998513 0.000000 -0.054517 0.802615 0.802615 0.802615
3232.554443 0.000000 3173.152100 0.000000 0.951301 0.000000 0.308263 0.771836 0.771836 0.771836
3239.040039 0.000000 3171.791260 0.000000 0.903525 0.000000 0.428536 0.763735 0.763735 0.763735
3227.919434 0.000000 3169.950439 0.000000 0.228772 0.000000 0.973480 0.623367 0.623367 0.623367
3236.363525 0.000000 3186.626221 0.000000 0.375894 0.000000 -0.926663 0.994143 0.994143 0.994143
3243.256104 0.000000 3177.832520 0.000000 0.740331 0.000000 0.672242 0.691040 0.691040 0.691040
3231.419434 0.000000 3177.456055 0.000000 0.955178 0.000000 0.296033 0.740576 0.740576 0.740576
3232.366699 0.000000 3180.063721 0.000000 0.264285 0.000000 -0.964445 1.172239 1.172239 1.172239
3246.917725 0.000000 3172.846436 0.000000 0.270945 0.000000 -0.962595 1.035623 1.035623 1.035623
3238.152832 0.000000 3185.745361 0.000000 0.364725 0.000000 -0.931115 1.046336 1.046336 1.046336
3235.014648 0.000000 3176.920898 0.000000 0.507366 0.000000 -0.861731 1.024043 1.024043 1.024043
3235.240234 0.000000 3182.369385 0.000000 0.915902 0.000000 0.401403 0.683681 0.683681 0.683681
3241.308594 0.000000 3174.295654 0.000000 0.434299 0.000000 -0.900769 1.100157 1.100157 1.100157
3237.827393 0.000000 3175.556152 0.000000 0.583214 0.000000 -0.812318 0.993149 0.993149 0.993149
3236.478271 0.000000 3179.354980 0.000000 0.425096 0.000000 -0.905148 1.107405 1.107405 1.107405
3237.305176 0.000000 3182.929688 0.000000 0.940015 0.000000 -0.341133 0.889691 0.889691 0.889691
3234.700684 0.000000 3185.570312 0.000000 0.925275 0.000000 0.379296 0.708314 0.708314 0.708314
3243.534668 0.000000 3173.484863 0.000000 0.780287 0.000000 -0.625421 0.967335 0.967335 0.967335
3232.073730 0.000000 3183.405518 0.000000 0.889826 0.000000 0.456299 0.693062 0.693062 0.693062
3240.437256 0.000000 3183.170410 0.000000 0.974339 0.000000 -0.225086 0.853959 0.853959 0.853959
3240.095947 0.000000 3173.064697 0.000000 0.896088 0.000000 -0.443875 0.915740 0.915740 0.915740
3241.887939 0.000000 3181.436523 0.000000 0.989724 0.000000 -0.142991 0.838687 0.838687 0.838687
3234.478760 0.000000 3180.905273 0.000000 0.376110 0.000000 0.926575 0.449665 0.449665 0.449665
3820.926270 0.000000 3437.565918 0.000000 0.893390 0.000000 0.449281 0.766497 0.766497 0.766497
3859.305176 0.000000 3503.494141 0.000000 0.964227 0.000000 -0.265078 0.812860 0.812860 0.812860
3862.653320 0.000000 3512.231445 0.000000 0.830787 0.000000 0.556590 0.732802 0.732802 0.732802
3861.343262 0.000000 3504.470703 0.000000 0.936903 0.000000 0.349590 0.746504 0.746504 0.746504
3859.566406 0.000000 3508.304932 0.000000 0.999903 0.000000 0.013908 0.797694 0.797694 0.797694
3858.497314 0.000000 3505.523438 0.000000 0.629863 0.000000 -0.776706 0.970533 0.970533 0.970533
3911.961182 0.000000 3495.081787 0.000000 0.117332 0.000000 0.993093 0.698417 0.698417 0.698417
3906.331787 0.000000 3495.098389 0.000000 0.835888 0.000000 -0.548900 0.862667 0.862667 0.862667
3908.208008 0.000000 3499.677246 0.000000 0.908384 0.000000 -0.418136 0.845665 0.845665 0.845665
3868.241699 0.000000 3577.837402 0.000000 0.858294 0.000000 0.513157 0.768789 0.768789 0.768789
3874.282959 0.000000 3563.169434 0.000000 0.985346 0.000000 0.170566 0.782541 0.782541 0.782541
3872.476318 0.000000 3557.058350 0.000000 0.463897 0.000000 -0.885889 0.906517 0.906517 0.906517
3873.579102 0.000000 3554.159180 0.000000 0.834320 0.000000 0.551280 0.745189 0.745189 0.745189
3875.993164 0.000000 3558.886963 0.000000 0.942099 0.000000 -0.335335 0.837564 0.837564 0.837564
3873.081787 0.000000 3568.720947 0.000000 0.563871 0.000000 -0.825863 0.935855 0.935855 0.935855
3875.162109 0.000000 3566.275635 0.000000 0.402560 0.000000 0.915394 0.573642 0.573642 0.573642
3774.403809 0.000000 3788.468994 0.000000 0.422646 0.000000 -0.906295 0.901958 0.901958 0.901958
3773.426270 0.000000 3779.235107 0.000000 0.558998 0.000000 -0.829169 0.901532 0.901532 0.901532
3828.212646 0.000000 3821.397461 0.000000 0.887159 0.000000 -0.461463 0.807664 0.807664 0.807664
3829.058594 0.000000 3805.301025 0.000000 0.201279 0.000000 0.979534 0.769943 0.769943 0.769943
3781.427002 0.000000 3782.973389 0.000000 0.945764 0.000000 0.324853 0.773568 0.773568 0.773568
3837.126465 0.000000 3808.160400 0.000000 0.759314 0.000000 0.650724 0.733489 0.733489 0.733489
3830.769775 0.000000 3798.859375 0.000000 0.604927 0.000000 -0.796281 0.886466 0.886466 0.886466
3836.430908 0.000000 3823.401855 0.000000 0.389632 0.000000 -0.920971 0.919233 0.919233 0.919233
3829.173828 0.000000 3814.330811 0.000000 0.973818 0.000000 -0.227330 0.818322 0.818322 0.818322
3830.298096 0.000000 3823.603027 0.000000 0.633645 0.000000 -0.773624 0.898932 0.898932 0.898932
3834.979980 0.000000 3813.698730 0.000000 0.701520 0.000000 -0.712650 0.876049 0.876049 0.876049
3831.064697 0.000000 3807.483643 0.000000 0.591085 0.000000 -0.806609 0.893710 0.893710 0.893710
3834.160889 0.000000 3810.271729 0.000000 0.461440 0.000000 0.887171 0.697571 0.697571 0.697571
3839.518799 0.000000 3796.947510 0.000000 0.051077 0.000000 0.998695 0.608783 0.608783 0.608783
3833.955322 0.000000 3816.964111 0.000000 0.326423 0.000000 0.945224 0.661504 0.661504 0.661504
3830.129883 0.000000 3816.838135 0.000000 0.470381 0.000000 -0.882463 0.914436 0.914436 0.914436
3824.158936 0.000000 3817.094727 0.000000 0.963327 0.000000 0.268330 0.759850 0.759850 0.759850
3829.213135 0.000000 3793.487549 0.000000 0.988845 0.000000 -0.148949 0.819409 0.819409 0.819409
3826.312500 0.000000 3814.278320 0.000000 0.816460 0.000000 -0.577402 0.887286 0.887286 0.887286
3830.683594 0.000000 3821.105957 0.000000 0.891578 0.000000 -0.452866 0.855381 0.855381 0.855381
3836.066406 0.000000 3793.719727 0.000000 0.293230 0.000000 -0.956042 0.957658 0.957658 0.957658
3832.242432 0.000000 3824.926270 0.000000 0.786698 0.000000 -0.617338 0.890363 0.890363 0.890363
3826.198242 0.000000 3809.900879 0.000000 0.017966 0.000000 0.999839 0.561195 0.561195 0.561195
3834.297119 0.000000 3827.998779 0.000000 0.181344 0.000000 0.983420 0.600340 0.600340 0.600340
3834.822021 0.000000 3799.688232 0.000000 0.981470 0.000000 -0.191617 0.847751 0.847751 0.847751
3835.271240 0.000000 3796.832031 0.000000 0.868719 0.000000 0.495306 0.657178 0.657178 0.657178
3873.964600 0.000000 3635.119873 0.000000 0.995701 0.000000 0.092621 0.795554 0.795554 0.795554
3874.511963 0.000000 3586.830811 0.000000 0.219815 0.000000 0.975542 0.678742 0.678742 0.678742
3874.729492 0.000000 3591.011230 0.000000 0.863038 0.000000 -0.505139 0.845478 0.845478 0.845478
3870.391846 0.000000 3644.094727 0.000000 0.745927 0.000000 0.666028 0.734492 0.734492 0.734492
3872.671143 0.000000 3641.531006 0.000000 0.255141 0.000000 -0.966904 0.920611 0.920611 0.920611
3871.050537 0.000000 3636.089600 0.000000 0.217702 0.000000 -0.976015 0.940345 0.940345 0.940345
3866.027344 0.000000 3641.228027 0.000000 0.620220 0.000000 -0.784428 0.965697 0.965697 0.965697
3868.585449 0.000000 3643.741943 0.000000 0.474648 0.000000 -0.880176 1.053640 1.053640 1.053640
3869.675781 0.000000 3651.763428 0.000000 0.997467 0.000000 -0.071136 0.806399 0.806399 0.806399
3871.032959 0.000000 3655.701416 0.000000 0.870826 0.000000 -0.491592 0.845162 0.845162 0.845162
3868.499268 0.000000 3657.212891 0.000000 0.787438 0.000000 -0.616394 0.875609 0.875609 0.875609
3839.606201 0.000000 3806.153564 0.000000 0.975735 0.000000 -0.218957 0.819840 0.819840 0.819840
3839.581299 0.000000 3803.061768 0.000000 0.678133 0.000000 -0.734940 0.879146 0.879146 0.879146
3806.616455 0.000000 3914.459229 0.000000 0.968362 0.000000 0.249551 0.789422 0.789422 0.789422
3798.853760 0.000000 3931.581787 0.000000 0.791106 0.000000 -0.611679 0.870985 0.870985 0.870985
3801.343018 0.000000 3917.580566 0.000000 0.217105 0.000000 -0.976148 0.962010 0.962010 0.962010
3833.262451 0.000000 3932.220215 0.000000 0.251487 0.000000 -0.967861 0.939365 0.939365 0.939365
3816.015137 0.000000 3925.728271 0.000000 0.990292 0.000000 0.139005 0.786909 0.786909 0.786909
3821.385498 0.000000 3923.605469 0.000000 0.805744 0.000000 -0.592264 0.872161 0.872161 0.872161
3831.064697 0.000000 3935.452393 0.000000 0.643008 0.000000 -0.765859 0.876663 0.876663 0.876663
3809.422363 0.000000 3921.081543 0.000000 0.718293 0.000000 -0.695741 0.890670 0.890670 0.890670
3814.511230 0.000000 3920.895752 0.000000 0.972288 0.000000 -0.233788 0.827806 0.827806 0.827806
3834.160889 0.000000 3938.240479 0.000000 0.344409 0.000000 0.938820 0.690425 0.690425 0.690425
3801.134766 0.000000 3910.360840 0.000000 0.999341 0.000000 -0.036305 0.804497 0.804497 0.804497
3816.716797 0.000000 3922.989014 0.000000 0.542705 0.000000 -0.839923 0.909534 0.909534 0.909534
3819.778564 0.000000 3918.582031 0.000000 0.474099 0.000000 -0.880472 0.937647 0.937647 0.937647
3811.690918 0.000000 3922.404541 0.000000 0.169897 0.000000 0.985462 0.635020 0.635020 0.635020
3810.356934 0.000000 3917.044189 0.000000 0.800181 0.000000 -0.599758 0.871939 0.871939 0.871939
3817.802002 0.000000 3916.766602 0.000000 0.501160 0.000000 0.865355 0.680937 0.680937 0.680937
3806.262207 0.000000 3920.192383 0.000000 0.333106 0.000000 -0.942889 0.947540 0.947540 0.947540
3806.656494 0.000000 3924.509033 0.000000 0.497327 0.000000 0.867563 0.663652 0.663652 0.663652
3810.751709 0.000000 3926.062744 0.000000 0.627417 0.000000 -0.778684 0.901612 0.901612 0.901612
3799.990234 0.000000 3915.516846 0.000000 0.884001 0.000000 0.467485 0.728106 0.728106 0.728106
3832.751709 0.000000 3928.311768 0.000000 0.152395 0.000000 0.988320 0.624435 0.624435 0.624435
3808.335205 0.000000 3929.721436 0.000000 0.048395 0.000000 0.998828 0.614526 0.614526 0.614526
3798.661865 0.000000 3919.835449 0.000000 0.951511 0.000000 -0.307614 0.845589 0.845589 0.845589
3815.512695 0.000000 3917.532959 0.000000 0.781702 0.000000 -0.623652 0.880697 0.880697 0.880697
3813.533203 0.000000 3914.183838 0.000000 0.422372 0.000000 -0.906423 0.945046 0.945046 0.945046
3796.744873 0.000000 3908.914307 0.000000 0.802972 0.000000 -0.596016 0.885445 0.885445 0.885445
3835.625000 0.000000 3931.756592 0.000000 0.833515 0.000000 0.552497 0.720501 0.720501 0.720501
3830.298096 0.000000 4015.556152 0.000000 0.433214 0.000000 0.901291 0.678911 0.678911 0.678911
3834.979980 0.000000 4005.651855 0.000000 0.894352 0.000000 -0.447363 0.844465 0.844465 0.844465
3834.093750 0.000000 4025.459473 0.000000 0.178536 0.000000 0.983933 0.686071 0.686071 0.686071
3839.158936 0.000000 4010.740967 0.000000 0.109029 0.000000 -0.994039 0.975144 0.975144 0.975144
3836.417725 0.000000 4020.493408 0.000000 0.092631 0.000000 -0.995701 0.991879 0.991879 0.991879
3833.955322 0.000000 4008.917236 0.000000 0.982425 0.000000 -0.186658 0.823250 0.823250 0.823250
3830.129883 0.000000 4008.791260 0.000000 0.359159 0.000000 0.933277 0.646174 0.646174 0.646174
3830.683594 0.000000 4013.059082 0.000000 0.658239 0.000000 0.752809 0.702970 0.702970 0.702970
3835.265625 0.000000 4013.221191 0.000000 0.345105 0.000000 -0.938564 0.943578 0.943578 0.943578
3839.171143 0.000000 4025.549805 0.000000 0.683506 0.000000 -0.729945 0.898053 0.898053 0.898053
3841.993652 0.000000 3939.743896 0.000000 0.892621 0.000000 0.450809 0.751429 0.751429 0.751429
3852.700928 0.000000 3938.649902 0.000000 0.197358 0.000000 -0.980331 0.931543 0.931543 0.931543
3845.460693 0.000000 3933.783936 0.000000 0.474749 0.000000 0.880121 0.692537 0.692537 0.692537
3841.821289 0.000000 3934.973877 0.000000 0.948334 0.000000 0.317275 0.753573 0.753573 0.753573
3842.560791 0.000000 3937.720947 0.000000 0.895967 0.000000 -0.444120 0.881801 0.881801 0.881801
3843.602051 0.000000 3934.180176 0.000000 0.980951 0.000000 -0.194254 0.835531 0.835531 0.835531
3864.050781 0.000000 3992.345215 0.000000 0.836244 0.000000 -0.548358 0.847527 0.847527 0.847527
3842.339600 0.000000 4006.973389 0.000000 0.520312 0.000000 0.853976 0.710049 0.710049 0.710049
3847.545654 0.000000 4004.124512 0.000000 0.930251 0.000000 -0.366924 0.831515 0.831515 0.831515
3852.700928 0.000000 4002.634277 0.000000 0.175778 0.000000 0.984430 0.646861 0.646861 0.646861
3844.215820 0.000000 4011.552246 0.000000 0.441137 0.000000 -0.897440 0.920138 0.920138 0.920138
3841.165771 0.000000 4020.750977 0.000000 0.901013 0.000000 -0.433793 0.848392 0.848392 0.848392
3867.261963 0.000000 3988.450439 0.000000 0.729444 0.000000 0.684041 0.708226 0.708226 0.708226
3865.041992 0.000000 3997.500244 0.000000 0.997802 0.000000 0.066266 0.792451 0.792451 0.792451
3866.482178 0.000000 3991.278076 0.000000 0.654714 0.000000 -0.755877 0.895851 0.895851 0.895851
3843.377197 0.000000 4022.913330 0.000000 0.557452 0.000000 -0.830209 0.895857 0.895857 0.895857
3853.819824 0.000000 4014.072998 0.000000 0.988756 0.000000 -0.149538 0.820086 0.820086 0.820086
3841.497314 0.000000 4015.928955 0.000000 0.986828 0.000000 0.161774 0.779879 0.779879 0.779879
3849.926758 0.000000 4002.495117 0.000000 0.998330 0.000000 -0.057777 0.806466 0.806466 0.806466
3839.740234 0.000000 4008.304932 0.000000 0.594698 0.000000 -0.803949 0.915644 0.915644 0.915644
3842.498047 0.000000 4018.268066 0.000000 0.600826 0.000000 0.799380 0.677902 0.677902 0.677902
3849.123535 0.000000 4012.430420 0.000000 0.828686 0.000000 -0.559713 0.878305 0.878305 0.878305
4134.730469 0.000000 3503.854248 0.000000 0.871960 0.000000 -0.489578 0.834741 0.834741 0.834741
4156.391602 0.000000 3503.479980 0.000000 0.999173 0.000000 -0.040669 0.803900 0.803900 0.803900
4154.647461 0.000000 3505.882568 0.000000 0.263016 0.000000 0.964791 0.667109 0.667109 0.667109
4150.258789 0.000000 3503.681152 0.000000 0.993514 0.000000 -0.113711 0.811380 0.811380 0.811380
4146.368652 0.000000 3503.405029 0.000000 0.647803 0.000000 0.761808 0.692752 0.692752 0.692752
4138.877930 0.000000 3500.109863 0.000000 0.550471 0.000000 -0.834854 0.930219 0.930219 0.930219
4148.743652 0.000000 3499.009521 0.000000 0.998656 0.000000 -0.051830 0.805903 0.805903 0.805903
4141.570801 0.000000 3496.043213 0.000000 0.470674 0.000000 -0.882307 0.959729 0.959729 0.959729
4139.146973 0.000000 3497.754395 0.000000 0.192408 0.000000 0.981315 0.563452 0.563452 0.563452
4143.308594 0.000000 3501.131592 0.000000 0.911597 0.000000 -0.411085 0.859228 0.859228 0.859228
4209.854492 0.000000 3515.548828 0.000000 0.807416 0.000000 -0.589982 0.805041 0.805041 0.805041
4207.200684 0.000000 3517.357422 0.000000 0.480450 0.000000 -0.877022 0.872634 0.872634 0.872634
4164.901367 0.000000 3505.449463 0.000000 0.525882 0.000000 0.850558 0.708592 0.708592 0.708592
4167.033203 0.000000 3507.764648 0.000000 0.474161 0.000000 0.880438 0.690319 0.690319 0.690319
4175.708496 0.000000 3514.784912 0.000000 0.517812 0.000000 -0.855494 0.920960 0.920960 0.920960
4177.438477 0.000000 3510.105469 0.000000 0.855911 0.000000 0.517123 0.733786 0.733786 0.733786
4156.770020 0.000000 3555.292480 0.000000 0.994429 0.000000 0.105407 0.798524 0.798524 0.798524
4164.745605 0.000000 3557.172852 0.000000 0.651505 0.000000 -0.758644 0.818921 0.818921 0.818921
4215.397461 0.000000 3523.694824 0.000000 0.996168 0.000000 -0.087463 0.804023 0.804023 0.804023
4167.930176 0.000000 3559.066162 0.000000 0.500958 0.000000 0.865472 0.743589 0.743589 0.743589
4210.501465 0.000000 3529.312500 0.000000 0.823314 0.000000 0.567586 0.750575 0.750575 0.750575
4208.549316 0.000000 3524.892578 0.000000 0.712230 0.000000 -0.701946 0.866826 0.866826 0.866826
4167.506836 0.000000 3556.233887 0.000000 0.853989 0.000000 0.520291 0.732242 0.732242 0.732242
4172.662109 0.000000 3554.743652 0.000000 0.541408 0.000000 0.840760 0.704259 0.704259 0.704259
4165.421875 0.000000 3549.877686 0.000000 0.969099 0.000000 0.246672 0.769136 0.769136 0.769136
4169.887695 0.000000 3554.604492 0.000000 0.812397 0.000000 -0.583104 0.896983 0.896983 0.896983
4213.214844 0.000000 3522.183594 0.000000 0.397700 0.000000 -0.917516 0.932261 0.932261 0.932261
4301.460449 0.000000 3504.815674 0.000000 0.996099 0.000000 0.088246 0.796823 0.796823 0.796823
4296.737793 0.000000 3509.982910 0.000000 0.776561 0.000000 -0.630043 0.825865 0.825865 0.825865
4296.382812 0.000000 3513.802979 0.000000 0.912054 0.000000 -0.410071 0.834600 0.834600 0.834600
4301.176270 0.000000 3518.020264 0.000000 0.984886 0.000000 0.173206 0.780877 0.780877 0.780877
4307.601562 0.000000 3511.622070 0.000000 0.049728 0.000000 -0.998763 1.006577 1.006577 1.006577
4298.360352 0.000000 3512.228271 0.000000 0.325116 0.000000 0.945674 0.668777 0.668777 0.668777
4303.692871 0.000000 3514.784912 0.000000 0.204234 0.000000 -0.978922 0.982673 0.982673 0.982673
4302.681641 0.000000 3512.838867 0.000000 0.935934 0.000000 0.352175 0.743934 0.743934 0.743934
4318.410645 0.000000 3547.399902 0.000000 0.164074 0.000000 -0.986448 0.819656 0.819656 0.819656
4318.192871 0.000000 3554.949463 0.000000 0.748503 0.000000 -0.663131 0.814480 0.814480 0.814480
4301.075195 0.000000 3539.924072 0.000000 0.560390 0.000000 -0.828229 0.838984 0.838984 0.838984
4315.045410 0.000000 3551.390869 0.000000 0.343801 0.000000 0.939042 0.746401 0.746401 0.746401
4305.851562 0.000000 3532.448730 0.000000 0.867705 0.000000 0.497079 0.769868 0.769868 0.769868
4324.810547 0.000000 3580.570312 0.000000 0.841823 0.000000 -0.539753 0.853520 0.853520 0.853520
4308.854492 0.000000 3530.766357 0.000000 0.811100 0.000000 0.584908 0.736362 0.736362 0.736362
4300.646484 0.000000 3554.743652 0.000000 0.340424 0.000000 -0.940272 0.917287 0.917287 0.917287
4327.953125 0.000000 3541.822021 0.000000 0.889845 0.000000 0.456262 0.749848 0.749848 0.749848
4304.518555 0.000000 3539.377930 0.000000 0.901791 0.000000 -0.432172 0.842843 0.842843 0.842843
4309.805176 0.000000 3527.064453 0.000000 0.449368 0.000000 -0.893347 0.901496 0.901496 0.901496
4302.024902 0.000000 3524.402100 0.000000 0.416877 0.000000 0.908963 0.389883 0.389883 0.389883
4311.927734 0.000000 3531.610596 0.000000 0.910547 0.000000 -0.413406 0.851072 0.851072 0.851072
4310.599609 0.000000 3535.929199 0.000000 0.777698 0.000000 0.628638 0.721252 0.721252 0.721252
4305.884277 0.000000 3521.302490 0.000000 0.532881 0.000000 -0.846190 0.937007 0.937007 0.937007
4322.930176 0.000000 3582.386719 0.000000 0.373877 0.000000 0.927478 0.619732 0.619732 0.619732
4301.494629 0.000000 3526.353271 0.000000 0.954517 0.000000 -0.298157 0.855026 0.855026 0.855026
4305.367188 0.000000 3527.314697 0.000000 0.495137 0.000000 0.868815 0.564498 0.564498 0.564498
4304.374512 0.000000 3524.734131 0.000000 0.997415 0.000000 -0.071852 0.822550 0.822550 0.822550
4305.937500 0.000000 3523.252197 0.000000 0.210596 0.000000 -0.977573 1.155465 1.155465 1.155465
4302.259277 0.000000 3522.555664 0.000000 0.254642 0.000000 -0.967036 1.161976 1.161976 1.161976
4408.163086 0.000000 3558.736816 0.000000 0.186423 0.000000 -0.982469 0.833153 0.833153 0.833153
4405.103516 0.000000 3558.393311 0.000000 0.867573 0.000000 -0.497310 0.843661 0.843661 0.843661
4410.909668 0.000000 3557.761230 0.000000 0.933853 0.000000 0.357656 0.769319 0.769319 0.769319
4409.192383 0.000000 3548.313965 0.000000 0.997499 0.000000 0.070686 0.793218 0.793218 0.793218
4410.090820 0.000000 3554.334229 0.000000 0.254716 0.000000 -0.967016 0.923274 0.923274 0.923274
4415.448730 0.000000 3541.010010 0.000000 0.516324 0.000000 0.856393 0.684996 0.684996 0.684996
4408.611816 0.000000 3556.402100 0.000000 0.500815 0.000000 -0.865555 0.925377 0.925377 0.925377
4417.923828 0.000000 3555.837646 0.000000 0.996135 0.000000 -0.087839 0.807553 0.807553 0.807553
4415.511230 0.000000 3547.124268 0.000000 0.876302 0.000000 -0.481761 0.846181 0.846181 0.846181
4159.400391 0.000000 3619.483154 0.000000 0.408702 0.000000 0.912668 0.659922 0.659922 0.659922
4159.723145 0.000000 3608.003662 0.000000 0.248648 0.000000 0.968594 0.786823 0.786823 0.786823
4188.161133 0.000000 3635.534668 0.000000 0.921142 0.000000 0.389226 0.778441 0.778441 0.778441
4171.093262 0.000000 3624.705811 0.000000 0.910245 0.000000 0.414069 0.776126 0.776126 0.776126
4164.761230 0.000000 3624.799316 0.000000 0.511718 0.000000 -0.859153 0.874317 0.874317 0.874317
4186.438477 0.000000 3632.626221 0.000000 0.666009 0.000000 0.745944 0.742826 0.742826 0.742826
4190.353027 0.000000 3644.094727 0.000000 0.346156 0.000000 0.938177 0.717336 0.717336 0.717336
4164.901367 0.000000 3633.418213 0.000000 0.004078 0.000000 -0.999992 0.934552 0.934552 0.934552
4161.955078 0.000000 3619.822021 0.000000 0.492873 0.000000 -0.870101 0.905395 0.905395 0.905395
4165.548340 0.000000 3604.565430 0.000000 0.656026 0.000000 -0.754738 0.883699 0.883699 0.883699
4168.100098 0.000000 3606.433350 0.000000 0.752183 0.000000 -0.658954 0.867533 0.867533 0.867533
4182.614746 0.000000 3640.200195 0.000000 0.717857 0.000000 -0.696191 0.864597 0.864597 0.864597
4162.521973 0.000000 3617.799072 0.000000 0.979173 0.000000 -0.203030 0.839609 0.839609 0.839609
4163.563477 0.000000 3614.258301 0.000000 0.691634 0.000000 -0.722248 0.951515 0.951515 0.951515
4179.131348 0.000000 3656.133057 0.000000 0.953203 0.000000 -0.302332 0.803681 0.803681 0.803681
4182.974121 0.000000 3652.412354 0.000000 0.977219 0.000000 0.212234 0.794447 0.794447 0.794447
4192.068359 0.000000 3648.914795 0.000000 0.665532 0.000000 0.746369 0.725954 0.725954 0.725954
4185.296387 0.000000 3661.643066 0.000000 0.704641 0.000000 0.709564 0.733826 0.733826 0.733826
4185.087891 0.000000 3654.423340 0.000000 0.961319 0.000000 0.275438 0.771577 0.771577 0.771577
4329.018555 0.000000 3599.537109 0.000000 0.368155 0.000000 0.929765 0.783310 0.783310 0.783310
4322.675293 0.000000 3591.011230 0.000000 0.309335 0.000000 0.950953 0.697125 0.697125 0.697125
4332.612793 0.000000 3592.986572 0.000000 0.310656 0.000000 0.950522 0.684707 0.684707 0.684707
4333.323242 0.000000 3603.683594 0.000000 0.631695 0.000000 0.775217 0.697243 0.697243 0.697243
4331.716309 0.000000 3598.660156 0.000000 0.524322 0.000000 -0.851520 0.895642 0.895642 0.895642
4326.907227 0.000000 3583.178955 0.000000 0.995139 0.000000 -0.098480 0.812609 0.812609 0.812609
4330.071289 0.000000 3593.783936 0.000000 0.946567 0.000000 0.322507 0.763273 0.763273 0.763273
4331.419434 0.000000 3585.835205 0.000000 0.348182 0.000000 -0.937427 0.979596 0.979596 0.979596
4330.668945 0.000000 3588.034912 0.000000 0.213547 0.000000 -0.976933 1.024718 1.024718 1.024718
4324.215332 0.000000 3592.475586 0.000000 0.885957 0.000000 0.463767 0.723911 0.723911 0.723911
4324.954102 0.000000 3583.765869 0.000000 0.970878 0.000000 0.239573 0.756997 0.756997 0.756997
4345.580078 0.000000 3664.900879 0.000000 0.673653 0.000000 -0.739047 0.841525 0.841525 0.841525
4299.985352 0.000000 3699.998779 0.000000 0.895901 0.000000 -0.444253 0.825743 0.825743 0.825743
4350.663086 0.000000 3654.012207 0.000000 0.950085 0.000000 -0.311991 0.820912 0.820912 0.820912
4326.707031 0.000000 3695.807373 0.000000 0.482759 0.000000 -0.875753 0.863931 0.863931 0.863931
4314.422852 0.000000 3696.610596 0.000000 0.392835 0.000000 0.919609 0.713755 0.713755 0.713755
4350.333496 0.000000 3660.500244 0.000000 0.961066 0.000000 -0.276318 0.820129 0.820129 0.820129
4342.707520 0.000000 3670.890625 0.000000 0.958382 0.000000 0.285489 0.775136 0.775136 0.775136
4322.228516 0.000000 3691.138184 0.000000 0.141028 0.000000 -0.990006 0.942732 0.942732 0.942732
4308.265625 0.000000 3698.277344 0.000000 0.719297 0.000000 -0.694703 0.861356 0.861356 0.861356
4320.421875 0.000000 3685.027100 0.000000 0.971331 0.000000 -0.237731 0.823970 0.823970 0.823970
4310.559570 0.000000 3694.583008 0.000000 0.903551 0.000000 0.428480 0.749589 0.749589 0.749589
4318.996094 0.000000 3700.073975 0.000000 0.279598 0.000000 0.960117 0.671436 0.671436 0.671436
4313.145020 0.000000 3699.800537 0.000000 0.876664 0.000000 -0.481103 0.859144 0.859144 0.859144
4315.770996 0.000000 3684.440674 0.000000 0.537835 0.000000 -0.843050 0.906164 0.906164 0.906164
4311.861816 0.000000 3690.118652 0.000000 0.176485 0.000000 -0.984303 0.958626 0.958626 0.958626
4327.785645 0.000000 3693.222412 0.000000 0.457991 0.000000 -0.888957 0.900607 0.900607 0.900607
4294.002930 0.000000 3702.989502 0.000000 0.596941 0.000000 0.802285 0.708877 0.708877 0.708877
4295.017578 0.000000 3699.717773 0.000000 0.897500 0.000000 -0.441015 0.845610 0.845610 0.845610
4313.002930 0.000000 3686.590576 0.000000 0.764423 0.000000 -0.644714 0.868569 0.868569 0.868569
4351.456543 0.000000 3668.978760 0.000000 0.759644 0.000000 0.650339 0.706669 0.706669 0.706669
4323.938965 0.000000 3686.855713 0.000000 0.609297 0.000000 -0.792942 0.902408 0.902408 0.902408
4291.322754 0.000000 3702.991455 0.000000 0.084327 0.000000 0.996438 0.651568 0.651568 0.651568
4343.301270 0.000000 3660.801270 0.000000 0.989395 0.000000 0.145250 0.781368 0.781368 0.781368
4341.150879 0.000000 3665.518799 0.000000 0.998301 0.000000 -0.058274 0.809083 0.809083 0.809083
4290.443848 0.000000 3698.346191 0.000000 0.949753 0.000000 0.313001 0.763122 0.763122 0.763122
4343.456055 0.000000 3665.525391 0.000000 0.807092 0.000000 -0.590426 0.887039 0.887039 0.887039
4351.306641 0.000000 3662.469727 0.000000 0.665070 0.000000 -0.746781 0.958304 0.958304 0.958304
4294.265137 0.000000 3715.781250 0.000000 0.879743 0.000000 -0.475450 0.812865 0.812865 0.812865
4290.757812 0.000000 3716.965088 0.000000 0.659356 0.000000 -0.751831 0.862875 0.862875 0.862875
4288.008789 0.000000 3711.243652 0.000000 0.955900 0.000000 -0.293693 0.820242 0.820242 0.820242
4399.177246 0.000000 3645.326172 0.000000 0.599473 0.000000 -0.800395 0.870427 0.870427 0.870427
4404.180176 0.000000 3643.206543 0.000000 0.811688 0.000000 -0.584091 0.884714 0.884714 0.884714
4403.274414 0.000000 3645.158203 0.000000 0.650395 0.000000 0.759596 0.615639 0.615639 0.615639
4397.852051 0.000000 3646.782471 0.000000 0.712655 0.000000 -0.701515 0.950631 0.950631 0.950631
4401.084961 0.000000 3645.486328 0.000000 0.980652 0.000000 -0.195757 0.853912 0.853912 0.853912
4437.526367 0.000000 3627.747803 0.000000 0.093288 0.000000 -0.995639 0.835408 0.835408 0.835408
4435.234863 0.000000 3631.462891 0.000000 0.481195 0.000000 -0.876614 0.855500 0.855500 0.855500
4448.406250 0.000000 3621.042725 0.000000 0.879007 0.000000 0.476809 0.760293 0.760293 0.760293
4449.508789 0.000000 3618.143555 0.000000 0.968707 0.000000 -0.248205 0.830058 0.830058 0.830058
4451.001465 0.000000 3614.368652 0.000000 0.906983 0.000000 0.421167 0.753114 0.753114 0.753114
4427.487305 0.000000 3633.691406 0.000000 0.847754 0.000000 0.530389 0.695042 0.695042 0.695042
4353.786621 0.000000 3656.571289 0.000000 0.051391 0.000000 0.998679 0.766620 0.766620 0.766620
4367.511230 0.000000 3654.665283 0.000000 0.892774 0.000000 0.450506 0.775732 0.775732 0.775732
4390.343262 0.000000 3655.969727 0.000000 0.095813 0.000000 0.995399 0.717523 0.717523 0.717523
4389.643066 0.000000 3649.623291 0.000000 0.427733 0.000000 0.903905 0.725601 0.725601 0.725601
4386.449707 0.000000 3650.815186 0.000000 0.726812 0.000000 -0.686836 0.851414 0.851414 0.851414
4360.689941 0.000000 3654.009277 0.000000 0.681285 0.000000 -0.732018 0.868892 0.868892 0.868892
4403.409668 0.000000 3647.546143 0.000000 0.984421 0.000000 -0.175829 0.815179 0.815179 0.815179
4361.130859 0.000000 3651.089844 0.000000 0.273633 0.000000 0.961834 0.663065 0.663065 0.663065
4360.610352 0.000000 3660.201416 0.000000 0.982866 0.000000 0.184322 0.781117 0.781117 0.781117
4374.529785 0.000000 3649.824463 0.000000 0.119881 0.000000 -0.992788 0.959349 0.959349 0.959349
4390.502930 0.000000 3651.352051 0.000000 0.298094 0.000000 0.954536 0.551795 0.551795 0.551795
4384.635742 0.000000 3654.924805 0.000000 0.982286 0.000000 -0.187389 0.836519 0.836519 0.836519
4397.188477 0.000000 3648.339355 0.000000 0.810338 0.000000 -0.585962 0.956301 0.956301 0.956301
4393.217285 0.000000 3650.924561 0.000000 0.411128 0.000000 0.911578 0.550276 0.550276 0.550276
4474.645508 0.000000 3702.670654 0.000000 0.529688 0.000000 0.848193 0.751464 0.751464 0.751464
4457.818359 0.000000 3698.634033 0.000000 0.383734 0.000000 -0.923443 0.870520 0.870520 0.870520
4456.703125 0.000000 3706.041748 0.000000 0.997695 0.000000 0.067859 0.795524 0.795524 0.795524
4478.416016 0.000000 3709.764404 0.000000 0.582995 0.000000 -0.812475 0.885237 0.885237 0.885237
4474.016113 0.000000 3705.537598 0.000000 0.258894 0.000000 -0.965906 0.928097 0.928097 0.928097
4460.088379 0.000000 3702.377441 0.000000 0.761918 0.000000 0.647674 0.731052 0.731052 0.731052
4451.439453 0.000000 3706.306396 0.000000 0.505130 0.000000 -0.863043 0.933098 0.933098 0.933098
4471.451172 0.000000 3707.410400 0.000000 0.466146 0.000000 -0.884708 0.953980 0.953980 0.953980
4465.286621 0.000000 3704.048828 0.000000 0.375568 0.000000 -0.926795 0.934993 0.934993 0.934993
4475.259277 0.000000 3710.274902 0.000000 0.041746 0.000000 0.999128 0.580123 0.580123 0.580123
4455.003906 0.000000 3702.964355 0.000000 0.632756 0.000000 -0.774352 0.936208 0.936208 0.936208
4465.220215 0.000000 3724.575439 0.000000 0.026747 0.000000 0.999642 0.781497 0.781497 0.781497
4471.968750 0.000000 3719.287109 0.000000 0.093040 0.000000 0.995662 0.705563 0.705563 0.705563
4464.001465 0.000000 3736.250244 0.000000 0.368452 0.000000 -0.929647 0.907262 0.907262 0.907262
4467.401855 0.000000 3711.530518 0.000000 0.383691 0.000000 -0.923462 0.915187 0.915187 0.915187
4465.067383 0.000000 3727.391357 0.000000 0.135945 0.000000 -0.990716 0.974759 0.974759 0.974759
4475.832520 0.000000 3719.683838 0.000000 0.603923 0.000000 -0.797043 0.923429 0.923429 0.923429
4478.747559 0.000000 3713.644043 0.000000 0.989248 0.000000 -0.146249 0.846024 0.846024 0.846024
4476.808105 0.000000 3718.117432 0.000000 0.724164 0.000000 -0.689628 0.977822 0.977822 0.977822
4477.777832 0.000000 3719.611084 0.000000 0.996702 0.000000 -0.081149 0.818984 0.818984 0.818984
4479.047852 0.000000 3715.934082 0.000000 0.362232 0.000000 -0.932088 1.164337 1.164337 1.164337
4478.580078 0.000000 3711.220703 0.000000 0.847005 0.000000 -0.531585 0.967909 0.967909 0.967909
4404.142578 0.000000 3821.397461 0.000000 0.024241 0.000000 0.999706 0.772201 0.772201 0.772201
4410.616211 0.000000 3825.804443 0.000000 0.343221 0.000000 -0.939255 0.909689 0.909689 0.909689
4410.023926 0.000000 3833.506348 0.000000 0.987490 0.000000 0.157682 0.784504 0.784504 0.784504
4412.691895 0.000000 3832.867188 0.000000 0.906138 0.000000 0.422981 0.758132 0.758132 0.758132
4402.337891 0.000000 3823.326904 0.000000 0.728791 0.000000 -0.684736 0.887371 0.887371 0.887371
4415.101074 0.000000 3833.596680 0.000000 0.412036 0.000000 -0.911167 0.953366 0.953366 0.953366
4405.652344 0.000000 3827.424805 0.000000 0.948930 0.000000 0.315486 0.746793 0.746793 0.746793
4422.714355 0.000000 3836.374756 0.000000 0.900949 0.000000 0.433925 0.757867 0.757867 0.757867
4429.379395 0.000000 3792.662842 0.000000 0.255120 0.000000 0.966909 0.682009 0.682009 0.682009
4425.123047 0.000000 3779.058594 0.000000 0.967623 0.000000 -0.252398 0.827519 0.827519 0.827519
4429.504395 0.000000 3799.641113 0.000000 0.171788 0.000000 -0.985134 0.947999 0.947999 0.947999
4424.068848 0.000000 3798.386475 0.000000 0.868186 0.000000 0.496238 0.739849 0.739849 0.739849
4426.678711 0.000000 3797.335449 0.000000 0.997432 0.000000 -0.071616 0.808589 0.808589 0.808589
4426.857910 0.000000 3793.873535 0.000000 0.950777 0.000000 0.309875 0.766020 0.766020 0.766020
4421.987305 0.000000 3830.958252 0.000000 0.578373 0.000000 -0.815772 0.912424 0.912424 0.912424
4425.978516 0.000000 3802.914795 0.000000 0.965091 0.000000 -0.261914 0.831757 0.831757 0.831757
4423.001953 0.000000 3827.686523 0.000000 0.724329 0.000000 0.689455 0.696683 0.696683 0.696683
4428.640625 0.000000 3802.144043 0.000000 0.103122 0.000000 -0.994669 0.993441 0.993441 0.993441
4417.411133 0.000000 3834.238770 0.000000 0.148618 0.000000 -0.988895 0.939127 0.939127 0.939127
4429.268555 0.000000 3806.596924 0.000000 0.860525 0.000000 0.509409 0.722071 0.722071 0.722071
4426.624512 0.000000 3782.476562 0.000000 0.212981 0.000000 -0.977056 1.032939 1.032939 1.032939
4482.798828 0.000000 3724.156494 0.000000 0.951929 0.000000 -0.306320 0.827359 0.827359 0.827359
4488.600586 0.000000 3728.291748 0.000000 0.990583 0.000000 0.136916 0.787656 0.787656 0.787656
4491.939453 0.000000 3719.961182 0.000000 0.386993 0.000000 0.922082 0.689850 0.689850 0.689850
4503.973145 0.000000 3736.407715 0.000000 0.365038 0.000000 -0.930993 0.895638 0.895638 0.895638
4491.332520 0.000000 3723.378174 0.000000 0.374129 0.000000 -0.927377 0.920941 0.920941 0.920941
4502.768066 0.000000 3739.628662 0.000000 0.566624 0.000000 -0.823977 0.879299 0.879299 0.879299
4493.496582 0.000000 3735.656738 0.000000 0.622657 0.000000 -0.782494 0.884358 0.884358 0.884358
4498.291016 0.000000 3735.984619 0.000000 0.230882 0.000000 -0.972982 0.936268 0.936268 0.936268
4501.698730 0.000000 3734.295410 0.000000 0.041630 0.000000 -0.999133 0.964921 0.964921 0.964921
4507.747559 0.000000 3748.425049 0.000000 0.014915 0.000000 0.999889 0.653949 0.653949 0.653949
4495.424805 0.000000 3741.223389 0.000000 0.831679 0.000000 -0.555257 0.851732 0.851732 0.851732
4488.594727 0.000000 3724.185791 0.000000 0.361610 0.000000 0.932329 0.687280 0.687280 0.687280
4513.500977 0.000000 3746.112305 0.000000 0.692063 0.000000 0.721837 0.721077 0.721077 0.721077
4490.670898 0.000000 3733.351074 0.000000 0.153175 0.000000 -0.988199 0.935846 0.935846 0.935846
4496.495117 0.000000 3731.331055 0.000000 0.010145 0.000000 0.999949 0.641033 0.641033 0.641033
4490.850098 0.000000 3729.889160 0.000000 0.327021 0.000000 0.945017 0.683822 0.683822 0.683822
4507.800293 0.000000 3740.622559 0.000000 0.185789 0.000000 -0.982590 0.946493 0.946493 0.946493
4504.964355 0.000000 3741.562744 0.000000 0.993896 0.000000 0.110317 0.789403 0.789403 0.789403
4501.498047 0.000000 3744.826660 0.000000 0.010197 0.000000 -0.999948 0.974546 0.974546 0.974546
4497.302734 0.000000 3743.129883 0.000000 0.240367 0.000000 -0.970682 0.977713 0.977713 0.977713
4499.951660 0.000000 3742.803711 0.000000 0.475697 0.000000 -0.879609 0.952445 0.952445 0.952445
4481.379395 0.000000 3718.464355 0.000000 0.019118 0.000000 -0.999817 1.103709 1.103709 1.103709
4480.821289 0.000000 3716.178711 0.000000 0.360123 0.000000 0.932905 0.449385 0.449385 0.449385
4481.682617 0.000000 3712.123779 0.000000 0.360931 0.000000 -0.932593 1.147963 1.147963 1.147963
4603.903320 0.000000 3818.887695 0.000000 0.547460 0.000000 -0.836832 0.809901 0.809901 0.809901
4607.065430 0.000000 3818.787842 0.000000 0.309101 0.000000 0.951029 0.682048 0.682048 0.682048
4606.552734 0.000000 3828.908936 0.000000 0.787235 0.000000 0.616653 0.680558 0.680558 0.680558
4575.255859 0.000000 3817.299805 0.000000 0.169204 0.000000 0.985581 0.542613 0.542613 0.542613
4606.532227 0.000000 3824.084473 0.000000 0.556988 0.000000 -0.830521 0.978121 0.978121 0.978121
4604.007324 0.000000 3826.857178 0.000000 0.873204 0.000000 0.487354 0.647494 0.647494 0.647494
4167.576660 0.000000 3840.400391 0.000000 0.342002 0.000000 0.939699 0.721916 0.721916 0.721916
4168.713379 0.000000 3845.962402 0.000000 0.941169 0.000000 -0.337936 0.824786 0.824786 0.824786
4201.910156 0.000000 3876.396484 0.000000 0.845509 0.000000 -0.533961 0.858500 0.858500 0.858500
4182.807129 0.000000 3867.597412 0.000000 0.375731 0.000000 -0.926729 0.899454 0.899454 0.899454
4178.330078 0.000000 3863.953369 0.000000 0.992138 0.000000 0.125148 0.787971 0.787971 0.787971
4198.922852 0.000000 3875.619385 0.000000 0.173010 0.000000 0.984920 0.666082 0.666082 0.666082
4181.737793 0.000000 3862.264160 0.000000 0.363028 0.000000 0.931778 0.677842 0.677842 0.677842
4168.633789 0.000000 3852.154541 0.000000 0.751292 0.000000 0.659970 0.732340 0.732340 0.732340
4193.540039 0.000000 3874.081055 0.000000 0.996749 0.000000 -0.080572 0.806927 0.806927 0.806927
4188.200195 0.000000 3865.363525 0.000000 0.873802 0.000000 0.486282 0.755373 0.755373 0.755373
4176.534180 0.000000 3859.299805 0.000000 0.897678 0.000000 0.440651 0.741671 0.741671 0.741671
4178.690918 0.000000 3854.815674 0.000000 0.218019 0.000000 -0.975945 0.951104 0.951104 0.951104
4164.025879 0.000000 3842.845703 0.000000 0.770287 0.000000 0.637697 0.715753 0.715753 0.715753
4201.137695 0.000000 3880.126709 0.000000 0.833216 0.000000 0.552947 0.727449 0.727449 0.727449
4162.058105 0.000000 3841.981445 0.000000 0.738041 0.000000 -0.674756 0.936089 0.936089 0.936089
4191.722656 0.000000 3869.412842 0.000000 0.395637 0.000000 -0.918407 1.051085 1.051085 1.051085
4228.753418 0.000000 3880.736816 0.000000 0.373275 0.000000 0.927721 0.724056 0.724056 0.724056
4228.893555 0.000000 3889.355713 0.000000 0.781840 0.000000 -0.623480 0.852436 0.852436 0.852436
4236.654297 0.000000 3874.665527 0.000000 0.839179 0.000000 0.543856 0.733389 0.733389 0.733389
4229.229980 0.000000 3874.443115 0.000000 0.768962 0.000000 0.639295 0.733508 0.733508 0.733508
4233.284180 0.000000 3870.476562 0.000000 0.674620 0.000000 -0.738165 0.917746 0.917746 0.917746
4237.053711 0.000000 3878.013672 0.000000 0.172234 0.000000 -0.985056 1.023323 1.023323 1.023323
4239.922363 0.000000 3881.969727 0.000000 0.896556 0.000000 -0.442929 0.866902 0.866902 0.866902
4234.457031 0.000000 3882.737305 0.000000 0.919337 0.000000 -0.393471 0.865423 0.865423 0.865423
4232.982422 0.000000 3880.805420 0.000000 0.926530 0.000000 0.376220 0.726816 0.726816 0.726816
4232.928711 0.000000 3877.350098 0.000000 0.732462 0.000000 0.680808 0.626503 0.626503 0.626503
4230.563477 0.000000 3893.331299 0.000000 0.199316 0.000000 0.979935 0.384054 0.384054 0.384054
4350.431641 0.000000 3901.717529 0.000000 0.105250 0.000000 -0.994446 0.940479 0.940479 0.940479
4341.111328 0.000000 3878.315186 0.000000 0.152995 0.000000 0.988227 0.666967 0.666967 0.666967
4346.624023 0.000000 3889.788818 0.000000 0.950239 0.000000 0.311521 0.769630 0.769630 0.769630
4342.235840 0.000000 3887.587402 0.000000 0.172391 0.000000 -0.985029 0.936770 0.936770 0.936770
4346.031738 0.000000 3897.490723 0.000000 0.970284 0.000000 -0.241968 0.826358 0.826358 0.826358
4348.699707 0.000000 3896.851562 0.000000 0.992372 0.000000 0.123282 0.786176 0.786176 0.786176
4348.355469 0.000000 3892.524658 0.000000 0.972028 0.000000 0.234864 0.772537 0.772537 0.772537
4333.547363 0.000000 3879.949463 0.000000 0.256545 0.000000 -0.966532 0.957145 0.957145 0.957145
4333.065430 0.000000 3877.752197 0.000000 0.752376 0.000000 -0.658734 0.901976 0.901976 0.901976
4350.563477 0.000000 3888.068848 0.000000 0.999312 0.000000 0.037090 0.794295 0.794295 0.794295
4343.984375 0.000000 3975.224609 0.000000 0.614237 0.000000 -0.789122 0.852671 0.852671 0.852671
4341.199219 0.000000 3970.074219 0.000000 0.077357 0.000000 0.997003 0.624027 0.624027 0.624027
4307.115723 0.000000 4040.039307 0.000000 0.550467 0.000000 -0.834857 0.813811 0.813811 0.813811
4321.485352 0.000000 4060.182617 0.000000 0.277260 0.000000 -0.960795 0.908198 0.908198 0.908198
4296.697754 0.000000 4037.915527 0.000000 0.939235 0.000000 0.343275 0.767808 0.767808 0.767808
4301.884277 0.000000 4032.583740 0.000000 0.092850 0.000000 0.995680 0.699648 0.699648 0.699648
4299.962891 0.000000 4039.883057 0.000000 0.975503 0.000000 0.219986 0.778737 0.778737 0.778737
4325.097168 0.000000 4054.614014 0.000000 0.886622 0.000000 0.462495 0.763509 0.763509 0.763509
4302.024902 0.000000 4036.277100 0.000000 0.999145 0.000000 0.041343 0.795540 0.795540 0.795540
4351.676758 0.000000 3885.497803 0.000000 0.383456 0.000000 0.923559 0.717705 0.717705 0.717705
4413.348145 0.000000 3843.219482 0.000000 0.894956 0.000000 -0.446155 0.845259 0.845259 0.845259
4427.740723 0.000000 3842.104248 0.000000 0.840224 0.000000 0.542239 0.723311 0.723311 0.723311
4377.281250 0.000000 3966.146973 0.000000 0.999763 0.000000 -0.021768 0.802565 0.802565 0.802565
4423.627930 0.000000 3937.230225 0.000000 0.493698 0.000000 0.869633 0.755774 0.755774 0.755774
4432.069824 0.000000 3926.067139 0.000000 0.948422 0.000000 -0.317010 0.819972 0.819972 0.819972
4423.463379 0.000000 3929.168701 0.000000 0.624452 0.000000 -0.781063 0.876981 0.876981 0.876981
4421.517090 0.000000 3924.487305 0.000000 0.743224 0.000000 0.669043 0.731201 0.731201 0.731201
4427.340332 0.000000 3915.331299 0.000000 0.988433 0.000000 -0.151656 0.814899 0.814899 0.814899
4429.379395 0.000000 3920.631592 0.000000 0.925591 0.000000 -0.378526 0.840317 0.840317 0.840317
4429.504395 0.000000 3927.609863 0.000000 0.601455 0.000000 0.798906 0.703884 0.703884 0.703884
4424.068848 0.000000 3926.355225 0.000000 0.142122 0.000000 0.989849 0.665935 0.665935 0.665935
4424.602539 0.000000 3916.138916 0.000000 0.866747 0.000000 -0.498748 0.856315 0.856315 0.856315
4426.678711 0.000000 3925.304199 0.000000 0.671307 0.000000 -0.741180 0.878365 0.878365 0.878365
4432.502930 0.000000 3923.284180 0.000000 0.738361 0.000000 0.674405 0.726086 0.726086 0.726086
4426.857910 0.000000 3921.842285 0.000000 0.266451 0.000000 0.963848 0.672670 0.672670 0.672670
4425.978516 0.000000 3930.883545 0.000000 0.863742 0.000000 -0.503935 0.849577 0.849577 0.849577
4493.860840 0.000000 3840.630615 0.000000 0.363483 0.000000 -0.931601 0.890982 0.890982 0.890982
4491.939453 0.000000 3847.929932 0.000000 0.465462 0.000000 -0.885068 0.908514 0.908514 0.908514
4491.332520 0.000000 3851.346924 0.000000 0.598829 0.000000 0.800877 0.712817 0.712817 0.712817
4488.594727 0.000000 3852.154541 0.000000 0.756526 0.000000 -0.653963 0.869759 0.869759 0.869759
4483.687012 0.000000 3854.956543 0.000000 0.786673 0.000000 0.617370 0.724250 0.724250 0.724250
4491.732910 0.000000 3842.104248 0.000000 0.994975 0.000000 0.100119 0.786380 0.786380 0.786380
4522.047852 0.000000 3913.705811 0.000000 0.330993 0.000000 0.943633 0.639874 0.639874 0.639874
4525.058105 0.000000 3910.467529 0.000000 0.959841 0.000000 0.280546 0.756837 0.756837 0.756837
4510.452148 0.000000 3936.596436 0.000000 0.901184 0.000000 0.433436 0.730161 0.730161 0.730161
4379.836426 0.000000 3974.696045 0.000000 0.838974 0.000000 0.544171 0.798851 0.798851 0.798851
4381.613281 0.000000 3971.685303 0.000000 0.629832 0.000000 -0.776731 0.885270 0.885270 0.885270
4373.797363 0.000000 3974.955078 0.000000 0.888601 0.000000 0.458681 0.739091 0.739091 0.739091
4429.059570 0.000000 4051.799072 0.000000 0.681607 0.000000 0.731719 0.770491 0.770491 0.770491
4420.907715 0.000000 4059.120605 0.000000 0.479227 0.000000 0.877691 0.714436 0.714436 0.714436
4477.953125 0.000000 4058.072021 0.000000 0.982155 0.000000 -0.188074 0.824562 0.824562 0.824562
4478.776367 0.000000 4065.280273 0.000000 0.862817 0.000000 -0.505516 0.888914 0.888914 0.888914
4478.691406 0.000000 4062.611572 0.000000 0.435031 0.000000 -0.900416 1.032789 1.032789 1.032789
4602.000488 0.000000 4025.459473 0.000000 0.499598 0.000000 0.866257 0.714210 0.714210 0.714210
4604.668457 0.000000 4024.820312 0.000000 0.545818 0.000000 -0.837903 0.932936 0.932936 0.932936
4607.077637 0.000000 4025.549805 0.000000 0.666867 0.000000 -0.745176 0.942739 0.942739 0.942739
4606.552734 0.000000 4020.862061 0.000000 0.995182 0.000000 -0.098043 0.816671 0.816671 0.816671
4602.203613 0.000000 4019.951904 0.000000 0.872749 0.000000 0.488170 0.699161 0.699161 0.699161
4604.840332 0.000000 4022.560059 0.000000 0.862742 0.000000 -0.505644 0.894233 0.894233 0.894233
4554.066406 0.000000 3987.508301 0.000000 0.781230 0.000000 -0.624243 0.964268 0.964268 0.964268
4555.716309 0.000000 3984.132080 0.000000 0.605955 0.000000 0.795499 0.581383 0.581383 0.581383
4556.613770 0.000000 3986.154053 0.000000 0.469211 0.000000 -0.883086 1.152375 1.152375 1.152375
4482.261719 0.000000 4070.957764 0.000000 0.901828 0.000000 -0.432096 0.843727 0.843727 0.843727
4498.687500 0.000000 4076.580078 0.000000 0.838246 0.000000 -0.545293 0.867961 0.867961 0.867961
4481.743652 0.000000 4062.942627 0.000000 0.253925 0.000000 -0.967224 0.981090 0.981090 0.981090
4488.951172 0.000000 4072.758545 0.000000 0.999976 0.000000 -0.006909 0.801118 0.801118 0.801118
4486.174316 0.000000 4075.835449 0.000000 0.633981 0.000000 0.773348 0.517477 0.517477 0.517477
4485.786621 0.000000 4070.868652 0.000000 0.222640 0.000000 0.974901 0.477340 0.477340 0.477340
4486.946777 0.000000 4072.682861 0.000000 0.276858 0.000000 0.960911 0.462415 0.462415 0.462415
4485.201172 0.000000 4077.345947 0.000000 0.622436 0.000000 0.782671 0.598914 0.598914 0.598914
4485.837891 0.000000 4074.053955 0.000000 0.777293 0.000000 -0.629138 1.051417 1.051417 1.051417
4484.020996 0.000000 4070.751709 0.000000 0.866873 0.000000 0.498529 0.674917 0.674917 0.674917
4603.033691 0.000000 4031.132568 0.000000 0.999983 0.000000 -0.005866 0.801019 0.801019 0.801019
4603.781250 0.000000 4033.774414 0.000000 0.080094 0.000000 0.996787 0.543968 0.543968 0.543968
4612.999512 0.000000 3833.634033 0.000000 0.392431 0.000000 -0.919782 0.804664 0.804664 0.804664
4609.072266 0.000000 3828.797852 0.000000 0.476177 0.000000 0.879349 0.692699 0.692699 0.692699
4613.963867 0.000000 3830.958252 0.000000 0.217425 0.000000 0.976077 0.659626 0.659626 0.659626
4611.283691 0.000000 3830.960205 0.000000 0.497412 0.000000 -0.867515 0.940530 0.940530 0.940530
4609.403809 0.000000 3823.975830 0.000000 0.245296 0.000000 -0.969448 0.979676 0.979676 0.979676
4610.404785 0.000000 3826.314941 0.000000 0.758601 0.000000 0.651556 0.686615 0.686615 0.686615
4609.929688 0.000000 3820.545166 0.000000 0.915520 0.000000 0.402272 0.748735 0.748735 0.748735
4613.738770 0.000000 3823.457520 0.000000 0.272754 0.000000 -0.962084 1.071478 1.071478 1.071478
4616.681641 0.000000 3822.880859 0.000000 0.999423 0.000000 0.033965 0.792876 0.792876 0.792876
4630.425781 0.000000 3923.084473 0.000000 0.521135 0.000000 0.853474 0.697880 0.697880 0.697880
4632.267578 0.000000 3936.718018 0.000000 0.364902 0.000000 -0.931046 0.909997 0.909997 0.909997
4637.830566 0.000000 3934.367432 0.000000 0.450089 0.000000 0.892984 0.696374 0.696374 0.696374
4636.145508 0.000000 3929.347900 0.000000 0.496171 0.000000 -0.868225 0.902916 0.902916 0.902916
4641.321289 0.000000 3921.081543 0.000000 0.798371 0.000000 -0.602165 0.876148 0.876148 0.876148
4635.784668 0.000000 3932.575684 0.000000 0.931653 0.000000 -0.363350 0.847533 0.847533 0.847533
4632.948730 0.000000 3933.515869 0.000000 0.827097 0.000000 -0.562059 0.870334 0.870334 0.870334
4642.255371 0.000000 3917.044189 0.000000 0.415736 0.000000 -0.909485 0.934575 0.934575 0.934575
4635.747559 0.000000 3937.762939 0.000000 0.987886 0.000000 0.155183 0.779150 0.779150 0.779150
4638.161133 0.000000 3920.192383 0.000000 0.803706 0.000000 0.595026 0.713447 0.713447 0.713447
4626.750488 0.000000 3930.490234 0.000000 0.710932 0.000000 -0.703261 0.896583 0.896583 0.896583
4635.614258 0.000000 3920.625488 0.000000 0.608080 0.000000 0.793876 0.675439 0.675439 0.675439
4633.157715 0.000000 3923.285889 0.000000 0.154383 0.000000 -0.988011 1.023387 1.023387 1.023387
4633.142578 0.000000 4022.822998 0.000000 0.972800 0.000000 -0.231645 0.806536 0.806536 0.806536
4611.695312 0.000000 4014.392334 0.000000 0.999568 0.000000 -0.029390 0.800881 0.800881 0.800881
4615.020996 0.000000 4013.679688 0.000000 0.036454 0.000000 0.999335 0.683552 0.683552 0.683552
4630.560059 0.000000 4024.106445 0.000000 0.477385 0.000000 -0.878694 0.911450 0.911450 0.911450
4614.978516 0.000000 4019.639648 0.000000 0.776080 0.000000 -0.630635 0.879046 0.879046 0.879046
4633.250000 0.000000 4030.131348 0.000000 0.885343 0.000000 0.464938 0.732394 0.732394 0.732394
4609.194336 0.000000 4030.092529 0.000000 0.754409 0.000000 -0.656405 0.925850 0.925850 0.925850
4619.009766 0.000000 4021.960938 0.000000 0.993302 0.000000 0.115548 0.779184 0.779184 0.779184
4638.220703 0.000000 4025.084717 0.000000 0.090119 0.000000 0.995931 0.513169 0.513169 0.513169
4622.642578 0.000000 4024.713867 0.000000 0.323946 0.000000 0.946076 0.539771 0.539771 0.539771
4607.439453 0.000000 4025.420166 0.000000 0.670004 0.000000 -0.742357 0.942023 0.942023 0.942023
4622.969727 0.000000 4031.005371 0.000000 0.991710 0.000000 0.128497 0.772978 0.772978 0.772978
4611.066895 0.000000 4024.950928 0.000000 0.955002 0.000000 -0.296601 0.881193 0.881193 0.881193
4611.240234 0.000000 4030.451904 0.000000 0.999449 0.000000 0.033183 0.792841 0.792841 0.792841
4625.218750 0.000000 4028.073975 0.000000 0.691866 0.000000 -0.722026 0.961123 0.961123 0.961123
4622.166992 0.000000 4028.479736 0.000000 0.107728 0.000000 -0.994180 1.106776 1.106776 1.106776
4611.118164 0.000000 4026.635010 0.000000 0.769591 0.000000 -0.638537 0.978443 0.978443 0.978443
4623.479980 0.000000 4038.571533 0.000000 0.605982 0.000000 -0.795479 0.856949 0.856949 0.856949
4613.325684 0.000000 4038.910889 0.000000 0.790643 0.000000 0.612278 0.760518 0.760518 0.760518
4642.418457 0.000000 4034.721436 0.000000 0.890267 0.000000 -0.455439 0.835888 0.835888 0.835888
4642.636230 0.000000 4038.901855 0.000000 0.179006 0.000000 0.983848 0.702777 0.702777 0.702777
4619.316895 0.000000 4043.300049 0.000000 0.956764 0.000000 0.290864 0.776422 0.776422 0.776422
4637.582031 0.000000 4035.669678 0.000000 0.471352 0.000000 -0.881945 0.925104 0.925104 0.925104
4638.939453 0.000000 4039.607666 0.000000 0.994631 0.000000 0.103481 0.787991 0.787991 0.787991
4633.033203 0.000000 4038.329590 0.000000 0.410667 0.000000 0.911786 0.680813 0.680813 0.680813
4636.405762 0.000000 4041.119141 0.000000 0.488283 0.000000 -0.872685 0.924987 0.924987 0.924987
4634.834473 0.000000 4031.136475 0.000000 0.346995 0.000000 0.937867 0.659089 0.659089 0.659089
4611.971191 0.000000 4034.798828 0.000000 0.787642 0.000000 0.616133 0.693935 0.693935 0.693935
4640.996094 0.000000 4040.825928 0.000000 0.508325 0.000000 0.861166 0.642509 0.642509 0.642509
4640.742676 0.000000 4043.094727 0.000000 0.951397 0.000000 0.307967 0.754982 0.754982 0.754982
4610.003418 0.000000 4033.934570 0.000000 0.371712 0.000000 -0.928348 1.006764 1.006764 1.006764
4617.186523 0.000000 4046.104736 0.000000 0.292947 0.000000 -0.956129 1.049259 1.049259 1.049259
4638.254395 0.000000 4031.088135 0.000000 0.771625 0.000000 0.636077 0.689848 0.689848 0.689848
4614.736816 0.000000 4037.563965 0.000000 0.377340 0.000000 0.926075 0.516263 0.516263 0.516263
4623.946289 0.000000 4032.854736 0.000000 0.332951 0.000000 0.942944 0.563904 0.563904 0.563904
4617.311523 0.000000 4033.020020 0.000000 0.457232 0.000000 0.889347 0.541721 0.541721 0.541721
4620.659668 0.000000 4031.110107 0.000000 0.249375 0.000000 -0.968407 1.047585 1.047585 1.047585
4615.404785 0.000000 4034.228516 0.000000 0.551305 0.000000 0.834304 0.541798 0.541798 0.541798
4618.058594 0.000000 4051.492676 0.000000 0.986439 0.000000 -0.164128 0.847418 0.847418 0.847418
4619.708496 0.000000 4048.116455 0.000000 0.447394 0.000000 0.894337 0.497115 0.497115 0.497115
4615.938477 0.000000 4036.274170 0.000000 0.701642 0.000000 0.712530 0.609919 0.609919 0.609919
4617.353516 0.000000 4039.583496 0.000000 0.993776 0.000000 -0.111400 0.826309 0.826309 0.826309
4617.792480 0.000000 4036.535645 0.000000 0.755582 0.000000 -0.655054 0.982596 0.982596 0.982596
4617.121582 0.000000 4049.855469 0.000000 0.678930 0.000000 -0.734203 0.995958 0.995958 0.995958
4714.007324 0.000000 4058.451904 0.000000 0.791455 0.000000 0.611227 0.744837 0.744837 0.744837
4718.519043 0.000000 4045.650391 0.000000 0.993874 0.000000 -0.110521 0.810396 0.810396 0.810396
4723.630859 0.000000 4058.712891 0.000000 0.216086 0.000000 0.976374 0.656781 0.656781 0.656781
4727.156250 0.000000 4061.142822 0.000000 0.527893 0.000000 0.849311 0.645982 0.645982 0.645982
4713.630371 0.000000 4063.403076 0.000000 0.014663 0.000000 0.999892 0.538931 0.538931 0.538931
4725.788574 0.000000 4056.550049 0.000000 0.726970 0.000000 0.686669 0.633713 0.633713 0.633713
4725.443848 0.000000 4059.311035 0.000000 0.326671 0.000000 0.945138 0.542848 0.542848 0.542848
"}
